1.616586558520793915e-02
2.093387767672538757e-02
2.238932251930236816e-02
2.148875780403614044e-02
3.487027436494827271e-02
1.944877207279205322e-02
1.630901359021663666e-02
1.873370073735713959e-02
2.026447094976902008e-02
1.520749926567077637e-02
1.868373528122901917e-02
1.585951820015907288e-02
2.220572344958782196e-02
2.293307147920131683e-02
1.872434094548225403e-02
2.056704834103584290e-02
1.764401607215404510e-02
1.922098733484745026e-02
2.177146822214126587e-02
2.164606004953384399e-02
1.824584975838661194e-02
1.744504459202289581e-02
2.114881388843059540e-02
1.535511761903762817e-02
1.843433268368244171e-02
2.194097824394702911e-02
1.920488849282264709e-02
3.082332015037536621e-02
2.183882333338260651e-02
1.968856155872344971e-02
2.038096636533737183e-02
1.899157650768756866e-02
2.185845375061035156e-02
2.279732376337051392e-02
1.679137535393238068e-02
1.852292008697986603e-02
1.995419338345527649e-02
2.249770797789096832e-02
1.867901906371116638e-02
1.706892251968383789e-02
2.072595991194248199e-02
2.259745262563228607e-02
1.879923790693283081e-02
2.217439189553260803e-02
1.949318312108516693e-02
1.672137528657913208e-02
2.331232838332653046e-02
1.682821102440357208e-02
1.611555553972721100e-02
1.854765228927135468e-02
