1.872187852859497070e-02
2.222501114010810852e-02
2.322898618876934052e-02
1.920187287032604218e-02
1.973924040794372559e-02
1.911594532430171967e-02
1.875312067568302155e-02
2.479403465986251831e-02
2.160891331732273102e-02
1.798006519675254822e-02
2.094556391239166260e-02
2.054172940552234650e-02
2.190111577510833740e-02
1.731027662754058838e-02
1.741433888673782349e-02
1.692419685423374176e-02
1.998526602983474731e-02
2.132332511246204376e-02
2.287160046398639679e-02
1.779198460280895233e-02
1.869634911417961121e-02
2.001436240971088409e-02
2.140223421156406403e-02
2.112443931400775909e-02
2.094379626214504242e-02
2.258760668337345123e-02
2.025982551276683807e-02
2.183725126087665558e-02
1.753263920545578003e-02
1.895337365567684174e-02
1.692984811961650848e-02
2.227651141583919525e-02
2.381703816354274750e-02
1.967287808656692505e-02
2.101629227399826050e-02
1.729075796902179718e-02
2.135727927088737488e-02
1.698221452534198761e-02
1.752326078712940216e-02
1.871989667415618896e-02
2.085311524569988251e-02
1.755086705088615417e-02
1.827426813542842865e-02
1.814327947795391083e-02
1.955207437276840210e-02
1.767130196094512939e-02
2.426205947995185852e-02
2.060660533607006073e-02
2.114310301840305328e-02
2.062703669071197510e-02
