1.964801549911499023e-02
1.822200976312160492e-02
1.830087043344974518e-02
1.892625167965888977e-02
1.883161440491676331e-02
2.166222408413887024e-02
1.998315565288066864e-02
1.929627917706966400e-02
2.141277864575386047e-02
2.099653892219066620e-02
1.913928613066673279e-02
2.122170291841030121e-02
2.021940797567367554e-02
1.997223123908042908e-02
1.997906342148780823e-02
2.140733599662780762e-02
1.964849047362804413e-02
2.001000940799713135e-02
2.161290124058723450e-02
1.837486214935779572e-02
2.049909345805644989e-02
2.055022865533828735e-02
1.894212886691093445e-02
1.942255720496177673e-02
1.836571097373962402e-02
2.103171870112419128e-02
2.010214328765869141e-02
1.951322890818119049e-02
1.976511627435684204e-02
2.017291262745857239e-02
2.189634926617145538e-02
1.968070678412914276e-02
1.695306971669197083e-02
2.159558795392513275e-02
2.324563264846801758e-02
2.134376578032970428e-02
1.864541694521903992e-02
2.040870860219001770e-02
1.949823834002017975e-02
2.132582105696201324e-02
2.170968614518642426e-02
1.847597584128379822e-02
2.118676714599132538e-02
1.983806863427162170e-02
2.116622216999530792e-02
1.888634264469146729e-02
1.863845251500606537e-02
1.922946050763130188e-02
1.964076794683933258e-02
1.940505020320415497e-02
