4.690272267907857895e-03
4.520105663686990738e-03
4.100342281162738800e-03
3.888197476044297218e-03
3.773753298446536064e-03
4.148617852479219437e-03
3.842526581138372421e-03
4.756975453346967697e-03
3.634073538705706596e-03
3.841375932097434998e-03
4.910448100417852402e-03
4.815552383661270142e-03
3.866655286401510239e-03
4.458480048924684525e-03
3.206830238923430443e-03
4.430621396750211716e-03
3.329456318169832230e-03
3.670911304652690887e-03
4.186616279184818268e-03
4.727352410554885864e-03
4.031265154480934143e-03
3.482527099549770355e-03
3.331315703690052032e-03
3.819308942183852196e-03
3.706333460286259651e-03
3.478210652247071266e-03
3.219337202608585358e-03
3.953970968723297119e-03
3.340683411806821823e-03
3.548282897099852562e-03
4.413694608956575394e-03
4.978392273187637329e-03
4.235533997416496277e-03
5.106206517666578293e-03
3.456605132669210434e-03
5.318437702953815460e-03
4.341861233115196228e-03
3.581033786758780479e-03
4.392805509269237518e-03
3.860766766592860222e-03
3.925190307199954987e-03
3.919585142284631729e-03
4.058538004755973816e-03
3.944026306271553040e-03
3.072425723075866699e-03
3.840229939669370651e-03
4.286075476557016373e-03
4.091322887688875198e-03
4.235214088112115860e-03
3.765302710235118866e-03
4.233581479638814926e-03
4.072004929184913635e-03
4.203604534268379211e-03
3.407736541703343391e-03
3.825166029855608940e-03
3.720394335687160492e-03
3.749710274860262871e-03
4.608075600117444992e-03
4.343440290540456772e-03
3.364754375070333481e-03
3.403586568310856819e-03
3.590164240449666977e-03
3.831442212685942650e-03
4.128355532884597778e-03
4.095710813999176025e-03
3.007659921422600746e-03
4.048773087561130524e-03
3.851954592391848564e-03
4.398853518068790436e-03
3.636222099885344505e-03
4.365779925137758255e-03
4.440556745976209641e-03
3.929212223738431931e-03
3.652246668934822083e-03
3.575005102902650833e-03
4.070689901709556580e-03
4.087766632437705994e-03
3.217966994270682335e-03
4.154105670750141144e-03
3.613277804106473923e-03
4.648820962756872177e-03
3.590525360777974129e-03
3.538737539201974869e-03
5.039536394178867340e-03
4.426804371178150177e-03
3.889844287186861038e-03
4.454152192920446396e-03
3.626863006502389908e-03
3.553153481334447861e-03
3.945300355553627014e-03
4.819428548216819763e-03
4.302042070776224136e-03
3.175899852067232132e-03
4.299147520214319229e-03
4.298997111618518829e-03
4.280656576156616211e-03
4.321681801229715347e-03
4.215798806399106979e-03
3.890196327120065689e-03
3.736591665074229240e-03
3.502961946651339531e-03
4.750057123601436615e-03
4.183834884315729141e-03
4.009535070508718491e-03
3.773841308429837227e-03
4.212727770209312439e-03
3.945924807339906693e-03
3.975403029471635818e-03
3.806545399129390717e-03
4.094576463103294373e-03
4.035311751067638397e-03
3.707336960360407829e-03
3.111728932708501816e-03
3.173576435074210167e-03
3.374565159901976585e-03
4.449841100722551346e-03
3.829498542472720146e-03
4.931871313601732254e-03
3.625356825068593025e-03
3.344988683238625526e-03
4.558245651423931122e-03
4.270453471690416336e-03
4.716545343399047852e-03
3.507326124235987663e-03
3.292533801868557930e-03
3.986669704318046570e-03
4.521080292761325836e-03
3.627184079959988594e-03
3.729688934981822968e-03
3.573570400476455688e-03
3.385619260370731354e-03
3.894204972311854362e-03
4.185575060546398163e-03
4.854972474277019501e-03
3.992794081568717957e-03
4.789604805409908295e-03
3.794840071350336075e-03
3.284469246864318848e-03
4.108876921236515045e-03
4.844190087169408798e-03
4.214608576148748398e-03
4.015310667455196381e-03
3.365763928741216660e-03
3.646499244496226311e-03
4.031213466078042984e-03
4.310243297368288040e-03
2.930640941485762596e-03
3.564524697139859200e-03
4.182250704616308212e-03
4.178687464445829391e-03
3.694741288200020790e-03
5.302347242832183838e-03
3.497689496725797653e-03
3.276258939877152443e-03
4.462337121367454529e-03
4.125105217099189758e-03
4.441121593117713928e-03
4.806836601346731186e-03
4.114140756428241730e-03
2.928672125563025475e-03
3.952403087168931961e-03
3.841375233605504036e-03
4.761433694511651993e-03
4.269964527338743210e-03
3.623626893386244774e-03
3.627405501902103424e-03
4.397485870867967606e-03
4.006666596978902817e-03
3.161705099046230316e-03
3.432072000578045845e-03
4.285635892301797867e-03
4.773745313286781311e-03
3.644521348178386688e-03
4.023747518658638000e-03
3.407229669392108917e-03
4.296758212149143219e-03
4.798454232513904572e-03
4.567090421915054321e-03
3.404999850317835808e-03
4.470834042876958847e-03
4.515876993536949158e-03
4.446971230208873749e-03
3.444302128627896309e-03
3.533131675794720650e-03
4.084352403879165649e-03
4.426923114806413651e-03
3.912647254765033722e-03
3.598633222281932831e-03
3.471735864877700806e-03
4.094208125025033951e-03
3.757515223696827888e-03
3.663948969915509224e-03
4.152802284806966782e-03
3.834095085039734840e-03
4.284723661839962006e-03
4.693118389695882797e-03
3.712915815412998199e-03
4.330203402787446976e-03
4.272629506886005402e-03
4.356029443442821503e-03
3.879928961396217346e-03
3.695208346471190453e-03
3.826038911938667297e-03
3.084264462813735008e-03
5.051360465586185455e-03
4.487921949476003647e-03
2.929469104856252670e-03
4.337301012128591537e-03
3.797779558226466179e-03
2.596284961327910423e-03
4.189630504697561264e-03
3.161821281537413597e-03
4.169123247265815735e-03
4.102327395230531693e-03
3.433643607422709465e-03
3.799978410825133324e-03
4.312142729759216309e-03
3.591529559344053268e-03
4.199824295938014984e-03
4.974146373569965363e-03
3.698464250192046165e-03
3.953591454774141312e-03
4.367643501609563828e-03
3.752211807295680046e-03
3.845926839858293533e-03
3.878561081364750862e-03
4.147903062403202057e-03
4.409457556903362274e-03
3.347164485603570938e-03
3.966060467064380646e-03
3.988512326031923294e-03
3.466720459982752800e-03
3.497450379654765129e-03
3.918935079127550125e-03
4.123817663639783859e-03
4.364746622741222382e-03
4.384425003081560135e-03
3.979301545768976212e-03
3.318696515634655952e-03
3.688940778374671936e-03
4.042376298457384109e-03
4.184334538877010345e-03
4.660108592361211777e-03
3.948572557419538498e-03
4.538342356681823730e-03
3.816580167040228844e-03
4.135243128985166550e-03
5.156861152499914169e-03
3.354568034410476685e-03
4.087399691343307495e-03
