3.720400854945182800e-03
4.416541196405887604e-03
4.616050515323877335e-03
3.815784817561507225e-03
3.922570031136274338e-03
3.798709250986576080e-03
3.726609051227569580e-03
4.927055910229682922e-03
4.294110462069511414e-03
3.572988091036677361e-03
4.162290133535861969e-03
4.082040395587682724e-03
4.352176561951637268e-03
3.439887892454862595e-03
3.460567444562911987e-03
3.363166702911257744e-03
3.971460275352001190e-03
4.237358458340167999e-03
4.545031115412712097e-03
3.535612719133496284e-03
3.715327475219964981e-03
3.977242391556501389e-03
4.253039602190256119e-03
4.197836387902498245e-03
4.161939024925231934e-03
4.488596227020025253e-03
4.026020877063274384e-03
4.339485429227352142e-03
3.484075888991355896e-03
3.766403300687670708e-03
3.364289645105600357e-03
4.426775034517049789e-03
4.732907749712467194e-03
3.909382503479719162e-03
4.176345188170671463e-03
3.436009166762232780e-03
4.244105890393257141e-03
3.374695777893066406e-03
3.482212079688906670e-03
3.720006905496120453e-03
4.143918864428997040e-03
3.487697802484035492e-03
3.631451632827520370e-03
3.605421632528305054e-03
3.885376499965786934e-03
3.511630697175860405e-03
4.821341950446367264e-03
4.094932693988084793e-03
4.201544914394617081e-03
4.098992794752120972e-03
3.663075389340519905e-03
4.244702402502298355e-03
5.064623430371284485e-03
4.553604405373334885e-03
4.412831272929906845e-03
3.730347380042076111e-03
3.532977076247334480e-03
4.013819154351949692e-03
4.487279802560806274e-03
3.517341101542115211e-03
3.695873776450753212e-03
3.249833593145012856e-03
4.621068947017192841e-03
4.170472733676433563e-03
3.678049426525831223e-03
4.475639667361974716e-03
4.077355843037366867e-03
3.915480803698301315e-03
4.183273296803236008e-03
4.584501031786203384e-03
3.681894857436418533e-03
3.592730965465307236e-03
4.378359299153089523e-03
2.929756185039877892e-03
4.456753376871347427e-03
4.303499590605497360e-03
4.150393884629011154e-03
4.239298403263092041e-03
4.703393671661615372e-03
3.959411289542913437e-03
4.138609394431114197e-03
3.867373801767826080e-03
4.398553166538476944e-03
4.491059575229883194e-03
3.339028917253017426e-03
3.614235436543822289e-03
3.988037817180156708e-03
4.634947050362825394e-03
4.064896143972873688e-03
3.690637648105621338e-03
3.963807597756385803e-03
4.274015314877033234e-03
3.804597770795226097e-03
4.281702451407909393e-03
4.085026681423187256e-03
3.649419406428933144e-03
4.522046539932489395e-03
3.591707674786448479e-03
3.136038314551115036e-03
3.923595882952213287e-03
4.284835420548915863e-03
3.948314115405082703e-03
3.640004666522145271e-03
3.945417236536741257e-03
3.758994396775960922e-03
3.329640254378318787e-03
3.938755951821804047e-03
3.922808915376663208e-03
4.390841815620660782e-03
4.225680138915777206e-03
4.489624872803688049e-03
3.392748069018125534e-03
4.430549219250679016e-03
3.897680900990962982e-03
4.222821909934282303e-03
3.838589647784829140e-03
4.480120725929737091e-03
4.046570044010877609e-03
4.435779992491006851e-03
3.250873647630214691e-03
3.789156209677457809e-03
3.900064853951334953e-03
4.198747221380472183e-03
3.211057744920253754e-03
4.320642910897731781e-03
3.949859645217657089e-03
3.731264267116785049e-03
4.794052802026271820e-03
4.506248049437999725e-03
3.643003525212407112e-03
3.988626413047313690e-03
3.828757675364613533e-03
3.963159397244453430e-03
3.949739970266819000e-03
4.319468513131141663e-03
4.229498095810413361e-03
4.870191216468811035e-03
3.929558210074901581e-03
4.531848710030317307e-03
4.211764317005872726e-03
4.336691927164793015e-03
3.958205692470073700e-03
4.662335384637117386e-03
3.971857018768787384e-03
4.790849518030881882e-03
3.145529888570308685e-03
3.822256345301866531e-03
3.916556481271982193e-03
4.490323830395936966e-03
3.587044775485992432e-03
3.198828548192977905e-03
3.574977861717343330e-03
3.766414709389209747e-03
4.624885506927967072e-03
3.966524265706539154e-03
4.662200342863798141e-03
3.654911648482084274e-03
3.573116846382617950e-03
4.356454592198133469e-03
3.817436750978231430e-03
3.881837241351604462e-03
4.092151764780282974e-03
3.936636261641979218e-03
3.424205351620912552e-03
3.843296086415648460e-03
4.093919415026903152e-03
4.160996060818433762e-03
3.298001829534769058e-03
3.997439518570899963e-03
3.898507682606577873e-03
4.337178077548742294e-03
4.230876918882131577e-03
4.666814114898443222e-03
3.841271623969078064e-03
3.901911200955510139e-03
4.017086699604988098e-03
4.571132361888885498e-03
4.430853761732578278e-03
3.356077941134572029e-03
3.977989312261343002e-03
4.413466900587081909e-03
3.539822762832045555e-03
4.086118657141923904e-03
4.262484144419431686e-03
4.311488475650548935e-03
4.065206274390220642e-03
3.940897528082132339e-03
4.021458327770233154e-03
3.630579682067036629e-03
4.518233705312013626e-03
3.601861419156193733e-03
3.846747102215886116e-03
4.592053126543760300e-03
3.166496986523270607e-03
4.446324892342090607e-03
3.947862423956394196e-03
3.909326158463954926e-03
3.637780668213963509e-03
4.184944555163383484e-03
3.690449986606836319e-03
3.143091918900609016e-03
4.069900605827569962e-03
4.032779019325971603e-03
3.086636075749993324e-03
3.700105240568518639e-03
4.494995810091495514e-03
4.183647688478231430e-03
4.449274390935897827e-03
3.657819004729390144e-03
3.741469932720065117e-03
3.968987148255109787e-03
3.552382579073309898e-03
4.224960226565599442e-03
4.643278196454048157e-03
4.711735062301158905e-03
4.202481359243392944e-03
4.007846117019653320e-03
4.285774659365415573e-03
3.814399009570479393e-03
4.733462352305650711e-03
4.589497111737728119e-03
4.636961966753005981e-03
4.025608301162719727e-03
3.898866474628448486e-03
3.389539197087287903e-03
3.648327197879552841e-03
3.664722666144371033e-03
3.331833286210894585e-03
3.606398357078433037e-03
3.908939659595489502e-03
3.435058519244194031e-03
4.236280452460050583e-03
3.963196650147438049e-03
4.134406801313161850e-03
3.451816737651824951e-03
4.047774709761142731e-03
4.717437550425529480e-03
4.035437479615211487e-03
3.709072479978203773e-03
4.149008076637983322e-03
4.128781147301197052e-03
3.781376406550407410e-03
4.351141862571239471e-03
3.726828144863247871e-03
3.971552010625600815e-03
3.357678884640336037e-03
3.503433195874094963e-03
4.082554019987583160e-03
3.948330413550138474e-03
4.030105657875537872e-03
