0.020785565
0.010751651
0.016989848
0.014390093
0.011725699
0.009987356
0.011276594
0.011731299
0.010686693
0.008104057
0.008193494
0.012766145
0.011803777
0.01417442
0.011210036
0.012479595
0.01539214
0.010241107
0.009690085
0.013684356
0.014496649
0.009767683
0.013973946
0.028865622
0.01508911
0.011629382
0.012754146
0.011239475
0.011231475
0.012823903
0.012429516
0.010093112
0.013645797
0.011450508
0.008879872
0.011971771
0.008754596
0.019814556
0.013317327
0.016723137
0.010128311
0.021838491
0.015930683
0.024365129
0.01661578
0.011140918
0.015940602
0.020843803
0.012563752
0.013512201
0.018363884
0.022717662
0.021793212
0.01507855
0.021100595
0.020534053
0.0153923
0.016777855
0.015805247
0.013937947
0.016502824
0.017631587
0.013990266
0.016956729
0.015659651
0.011261394
0.018648354
0.019184177
0.01076845