1.711962971754094412e-02
1.252076904818419205e-02
1.720863992404462334e-02
1.320318063137906547e-02
1.465701400427248981e-02
1.406361262758129560e-02
1.628886779017327258e-02
1.290647994303346750e-02
1.266911939235699017e-02
1.237241870401139393e-02
1.373724187040113905e-02
1.228340849750771471e-02
1.302516021837170704e-02
9.702112508901020865e-03
1.035485402326133397e-02
1.085924519344884896e-02
1.655589840968431023e-02
1.160099691431284129e-02
1.160099691431284129e-02
1.427130310942321435e-02
1.471635414194160871e-02
1.183835746498931862e-02
1.519107524329456511e-02
2.516021837170662190e-02
1.495371469261808604e-02
1.436031331592689357e-02
1.438998338476145215e-02
1.382625207690481826e-02
1.373724187040113905e-02
1.453833372893425027e-02
1.655589840968431023e-02
1.344054118205554281e-02
1.596249703299311776e-02
1.569546641348208010e-02
1.341087111322098249e-02
1.385592214573937858e-02
9.791122715404700083e-03
1.697127937336814774e-02
1.207571801566579596e-02
1.355922145739378061e-02
8.218609067173036214e-03
1.480536434844528793e-02
1.444932352243057279e-02
2.177783052456681856e-02
1.344054118205554281e-02
1.163066698314740161e-02
1.726798006171374397e-02
2.183717066223593573e-02
1.430097317825777294e-02
1.255043911701875063e-02
1.100759553762164708e-02
2.397341561832423348e-02
1.866247329693804941e-02
1.700094944220270632e-02
1.854379302159981160e-02
1.898884405411820422e-02
1.456800379776881059e-02
1.358889152622834093e-02
1.352955138855922203e-02
1.608117730833135556e-02
1.418229290291953514e-02
1.459767386660337091e-02
1.608117730833135556e-02
1.732732019938286114e-02
1.183835746498931862e-02
9.257061476382624776e-03
1.169000712081652051e-02
1.572513648231663869e-02
1.204604794683123738e-02
