1.035517361015081406e-02
9.456701576709747314e-03
9.177094325423240662e-03
8.775329217314720154e-03
8.989488705992698669e-03
8.799139410257339478e-03
9.271940216422080994e-03
9.717359207570552826e-03
1.075334474444389343e-02
1.012824382632970810e-02
1.084880903363227844e-02
8.700688369572162628e-03
1.100352406501770020e-02
9.833046235144138336e-03
1.099643111228942871e-02
8.667016401886940002e-03
1.081267464905977249e-02
1.036086678504943848e-02
1.075186394155025482e-02
7.427095901221036911e-03
9.840195067226886749e-03
9.200776927173137665e-03
1.028878986835479736e-02
8.019358851015567780e-03
9.810085408389568329e-03
1.036614552140235901e-02
9.703136049211025238e-03
1.177011057734489441e-02
1.183491665869951248e-02
8.337917737662792206e-03
8.940549567341804504e-03
8.908682502806186676e-03
9.155402891337871552e-03
9.814132004976272583e-03
1.058928295969963074e-02
1.117633283138275146e-02
1.218079216778278351e-02
9.060275740921497345e-03
1.024917140603065491e-02
1.170248817652463913e-02
1.147818844765424728e-02
1.168499328196048737e-02
1.224298868328332901e-02
9.770665317773818970e-03
1.061079185456037521e-02
8.388637565076351166e-03
2.624035626649856567e-02
8.661327883601188660e-03
1.014778204262256622e-02
9.362393058836460114e-03
7.640557829290628433e-03
8.752610534429550171e-03
8.790255524218082428e-03
1.109392382204532623e-02
1.045905612409114838e-02
1.137260627001523972e-02
8.589264005422592163e-03
9.063026867806911469e-03
1.140803191810846329e-02
9.051603265106678009e-03
9.629453532397747040e-03
1.013660430908203125e-02
1.002999953925609589e-02
8.151006884872913361e-03
9.923342615365982056e-03
1.051501743495464325e-02
1.086832024157047272e-02
8.507028222084045410e-03
1.009545847773551941e-02
8.865895681083202362e-03
1.096200384199619293e-02
1.048359926789999008e-02
1.087159384042024612e-02
9.697564877569675446e-03
9.128468111157417297e-03
1.000881660729646683e-02
1.188588514924049377e-02
1.066496595740318298e-02
8.256734348833560944e-03
1.065091788768768311e-02
1.109257712960243225e-02
8.607355877757072449e-03
1.019934844225645065e-02
1.048376597464084625e-02
1.067360676825046539e-02
9.240764193236827850e-03
9.534332901239395142e-03
9.555350057780742645e-03
8.694421499967575073e-03
1.242592092603445053e-02
8.575667627155780792e-03
9.039049968123435974e-03
1.244817860424518585e-02
7.627993356436491013e-03
1.068549044430255890e-02
1.017816364765167236e-02
1.025592908263206482e-02
8.941817097365856171e-03
8.931697346270084381e-03
8.927586488425731659e-03
