9.339412674307823181e-03
9.924420155584812164e-03
9.431240148842334747e-03
1.038779318332672119e-02
9.681098163127899170e-03
1.036762166768312454e-02
1.102153677493333817e-02
1.063221506774425507e-02
1.014705002307891846e-02
9.477448649704456329e-03
9.194026701152324677e-03
1.121220830827951431e-02
9.302242659032344818e-03
1.082952041178941727e-02
1.037220098078250885e-02
9.371390566229820251e-03
9.957330301403999329e-03
9.997257031500339508e-03
1.000707130879163742e-02
9.402581490576267242e-03
1.023819297552108765e-02
9.593361057341098785e-03
9.537023492157459259e-03
1.030891295522451401e-02
1.038367114961147308e-02
9.847904555499553680e-03
9.715063497424125671e-03
1.011454500257968903e-02
1.017327979207038879e-02
1.014681626111268997e-02
9.509582072496414185e-03
1.034600380808115005e-02
9.090443141758441925e-03
1.016348972916603088e-02
1.104686502367258072e-02
1.111148763447999954e-02
9.982621297240257263e-03
9.985466487705707550e-03
9.689417667686939240e-03
9.843056090176105499e-03
1.038647815585136414e-02
9.159729816019535065e-03
1.055358257144689560e-02
9.885344654321670532e-03
8.940507657825946808e-03
9.609663859009742737e-03
9.760580025613307953e-03
1.006462518125772476e-02
9.611426852643489838e-03
9.805864654481410980e-03
9.944582358002662659e-03
9.916859678924083710e-03
1.004778500646352768e-02
9.532653726637363434e-03
1.046750321984291077e-02
1.014829240739345551e-02
9.548760950565338135e-03
9.772903285920619965e-03
9.509623050689697266e-03
1.025669556111097336e-02
1.054960954934358597e-02
9.631135500967502594e-03
9.066824801266193390e-03
9.863144718110561371e-03
9.904441423714160919e-03
1.036336831748485565e-02
9.418626315891742706e-03
1.010271161794662476e-02
1.014549098908901215e-02
1.037982571870088577e-02
1.077428366988897324e-02
1.007600314915180206e-02
1.002415921539068222e-02
9.588711895048618317e-03
9.413143619894981384e-03
1.011716481298208237e-02
1.069910265505313873e-02
1.000368781387805939e-02
9.973488748073577881e-03
1.075627282261848450e-02
9.797319769859313965e-03
1.063558924943208694e-02
9.113961830735206604e-03
1.073357183486223221e-02
1.014317013323307037e-02
9.825170971453189850e-03
1.017244532704353333e-02
1.057368703186511993e-02
1.030395179986953735e-02
1.003778818994760513e-02
1.010943204164505005e-02
1.116937771439552307e-02
9.967621415853500366e-03
9.554311633110046387e-03
1.016787905246019363e-02
9.213116019964218140e-03
9.774145670235157013e-03
1.029775012284517288e-02
9.793991222977638245e-03
9.958214126527309418e-03
