1.868289778940379620e-03
1.725380192510783672e-03
1.736253267154097557e-03
1.798853045329451561e-03
2.064972184598445892e-03
1.643436145968735218e-03
2.345155691727995872e-03
1.627247664146125317e-03
2.129234606400132179e-03
2.034527948126196861e-03
2.421782584860920906e-03
2.102482831105589867e-03
2.141840755939483643e-03
2.090030815452337265e-03
2.049553440883755684e-03
2.310200594365596771e-03
2.212380524724721909e-03
1.889123464934527874e-03
1.764081069268286228e-03
1.955424202606081963e-03
2.278130268678069115e-03
2.056770958006381989e-03
2.272284124046564102e-03
2.531895413994789124e-03
2.072320785373449326e-03
1.870419597253203392e-03
2.043536631390452385e-03
1.880102325230836868e-03
2.066012471914291382e-03
2.430889988318085670e-03
1.925873919390141964e-03
2.069669310003519058e-03
2.354862401261925697e-03
1.747223665006458759e-03
2.155880909413099289e-03
2.008312847465276718e-03
2.396527910605072975e-03
2.506538527086377144e-03
2.003374509513378143e-03
1.957366475835442543e-03
1.908479142002761364e-03
1.770088216289877892e-03
2.279276959598064423e-03
1.980459550395607948e-03
2.157911192625761032e-03
2.247871831059455872e-03
2.106648404151201248e-03
2.397741191089153290e-03
1.883041113615036011e-03
2.027221722528338432e-03
1.847090898081660271e-03
2.053945092484354973e-03
2.581912325695157051e-03
1.986315706744790077e-03
2.291877288371324539e-03
1.846984145231544971e-03
2.474075416103005409e-03
1.904644886963069439e-03
1.997205195948481560e-03
2.032598014920949936e-03
1.872440101578831673e-03
2.604773733764886856e-03
2.096779877319931984e-03
1.927252276800572872e-03
1.915579661726951599e-03
1.684634829871356487e-03
2.094802446663379669e-03
2.177877584472298622e-03
1.471038442105054855e-03
2.085398184135556221e-03
1.832951093092560768e-03
1.875710091553628445e-03
2.044668188318610191e-03
1.530095236375927925e-03
2.211037324741482735e-03
1.558581832796335220e-03
1.805957406759262085e-03
2.626561792567372322e-03
1.897798734717071056e-03
2.189041115343570709e-03
1.768615329638123512e-03
2.115766750648617744e-03
2.009780844673514366e-03
1.906589255668222904e-03
2.665620064362883568e-03
2.416670089587569237e-03
2.020898042246699333e-03
1.662185997702181339e-03
2.068075817078351974e-03
1.502506318502128124e-03
2.445866353809833527e-03
2.122794976457953453e-03
2.333790063858032227e-03
1.835760544054210186e-03
2.013614634051918983e-03
2.055450808256864548e-03
2.124806633219122887e-03
2.018421655520796776e-03
1.966108335182070732e-03
1.925228862091898918e-03
2.043139189481735229e-03
2.445427700877189636e-03
1.925617107190191746e-03
1.613944536074995995e-03
2.024010987952351570e-03
1.840599114075303078e-03
1.348733436316251755e-03
1.890377956442534924e-03
1.564314705319702625e-03
2.484546508640050888e-03
1.638296991586685181e-03
1.692907651886343956e-03
1.988613745197653770e-03
2.030397998169064522e-03
1.952935592271387577e-03
1.665356801822781563e-03
1.767009031027555466e-03
1.992722740396857262e-03
2.463801996782422066e-03
2.740527736023068428e-03
1.363703981041908264e-03
2.520088106393814087e-03
1.828576321713626385e-03
2.873034682124853134e-03
1.824238919652998447e-03
1.922613242641091347e-03
2.925238572061061859e-03
1.760970917530357838e-03
1.726789399981498718e-03
1.937890890985727310e-03
1.303335186094045639e-03
1.432852586731314659e-03
1.539542456157505512e-03
2.340429462492465973e-03
1.886061858385801315e-03
2.202887088060379028e-03
2.179594710469245911e-03
1.881068572402000427e-03
1.736411359161138535e-03
1.858843024820089340e-03
2.012571785598993301e-03
1.746155321598052979e-03
2.245329553261399269e-03
2.260570647194981575e-03
3.201538231223821640e-03
1.875948626548051834e-03
1.395467435941100121e-03
2.511734608560800552e-03
1.914363354444503784e-03
1.961725298315286636e-03
1.706479350104928017e-03
1.976789440959692001e-03
1.921878778375685215e-03
1.523368759080767632e-03
2.215263200923800468e-03
2.584347268566489220e-03
2.233985578641295433e-03
2.198893576860427856e-03
1.770666916854679585e-03
1.815815106965601444e-03
2.387660089880228043e-03
1.878140610642731190e-03
1.754787168465554714e-03
1.899220049381256104e-03
1.911039697006344795e-03
1.926430617459118366e-03
2.363275736570358276e-03
2.281529130414128304e-03
2.087312052026391029e-03
1.705887261778116226e-03
1.949695637449622154e-03
1.340866205282509327e-03
2.190492115914821625e-03
1.725218724459409714e-03
1.451553893275558949e-03
2.111647045239806175e-03
1.820643548853695393e-03
2.439643954858183861e-03
2.693034242838621140e-03
2.227775286883115768e-03
1.981913112103939056e-03
2.326022367924451828e-03
2.233430976048111916e-03
1.799558056518435478e-03
1.674594823271036148e-03
1.393938786350190639e-03
1.693861791864037514e-03
1.673071645200252533e-03
2.076206961646676064e-03
2.299878746271133423e-03
2.133867470547556877e-03
2.749631414189934731e-03
1.766284694895148277e-03
2.495758701115846634e-03
2.551035722717642784e-03
1.934345462359488010e-03
1.592235639691352844e-03
2.005522372201085091e-03
1.525224302895367146e-03
1.566407503560185432e-03
2.362287137657403946e-03
1.838929834775626659e-03
1.707885181531310081e-03
1.780056743882596493e-03
1.652204780839383602e-03
2.576853847131133080e-03
1.953584840521216393e-03
2.045971574261784554e-03
2.540319692343473434e-03
2.497149165719747543e-03
1.889545237645506859e-03
1.956534106284379959e-03
2.136017195880413055e-03
2.302644541487097740e-03
1.980805769562721252e-03
1.778979436494410038e-03
2.019370906054973602e-03
1.983358524739742279e-03
1.996014500036835670e-03
1.657138112932443619e-03
1.926114433445036411e-03
2.155773807317018509e-03
2.778109628707170486e-03
1.829257700592279434e-03
1.968764467164874077e-03
1.637189066968858242e-03
2.484587021172046661e-03
2.096981741487979889e-03
1.715139602310955524e-03
2.101647434756159782e-03
2.794350031763315201e-03
2.399623394012451172e-03
2.100658603012561798e-03
1.540627446956932545e-03
1.878195558674633503e-03
2.043089829385280609e-03
1.317268237471580505e-03
2.264308277517557144e-03
1.666923752054572105e-03
2.101398305967450142e-03
1.813508104532957077e-03
1.537083997391164303e-03
1.860025222413241863e-03
1.901450566947460175e-03
1.935523236170411110e-03
2.979030832648277283e-03
2.186915371567010880e-03
2.037514001131057739e-03
1.745689660310745239e-03
1.845566788688302040e-03
1.652986393310129642e-03
1.813633018173277378e-03
1.803889754228293896e-03
1.749268034473061562e-03
2.304387744516134262e-03
1.531457644887268543e-03
1.782675739377737045e-03
1.720713451504707336e-03
1.833474147133529186e-03
2.341552870348095894e-03
1.829620799981057644e-03
2.328471280634403229e-03
2.071954542770981789e-03
1.534076058305799961e-03
1.990685006603598595e-03
2.311469055712223053e-03
1.662173075601458549e-03
2.377678174525499344e-03
1.678667380474507809e-03
1.884691766463220119e-03
2.258509863168001175e-03
1.943727373145520687e-03
2.194923581555485725e-03
2.050185110419988632e-03
1.604649587534368038e-03
2.185999182984232903e-03
1.814075047150254250e-03
2.003283938392996788e-03
1.569775864481925964e-03
1.706996117718517780e-03
1.740831183269619942e-03
1.905186218209564686e-03
1.913862884975969791e-03
1.849748194217681885e-03
2.332600764930248260e-03
2.093143761157989502e-03
1.804021652787923813e-03
1.975403632968664169e-03
2.313303761184215546e-03
1.489566406235098839e-03
1.834827358834445477e-03
2.004720270633697510e-03
1.913971384055912495e-03
2.019298495724797249e-03
2.129299566149711609e-03
1.849862979725003242e-03
1.817612326703965664e-03
1.851131091825664043e-03
2.438515424728393555e-03
1.614902168512344360e-03
1.786747481673955917e-03
1.846627215854823589e-03
1.937221153639256954e-03
1.751468633301556110e-03
1.619770657271146774e-03
2.366998232901096344e-03
1.704914495348930359e-03
1.696824445389211178e-03
2.120233839377760887e-03
1.788095920346677303e-03
2.367565641179680824e-03
2.045129658654332161e-03
2.146311337128281593e-03
2.506620483472943306e-03
1.339863520115613937e-03
1.995611004531383514e-03
1.686679082922637463e-03
1.764789107255637646e-03
1.924152369610965252e-03
2.388583496212959290e-03
2.579628489911556244e-03
2.285286784172058105e-03
1.834180206060409546e-03
2.238166518509387970e-03
2.079269615933299065e-03
2.135470509529113770e-03
2.596969949081540108e-03
1.743349363096058369e-03
1.412885845638811588e-03
1.730658463202416897e-03
1.565083628520369530e-03
2.109114313498139381e-03
1.707499963231384754e-03
1.902444171719253063e-03
1.555703114718198776e-03
2.111436100676655769e-03
2.342956140637397766e-03
2.453467575833201408e-03
1.863839686848223209e-03
2.045090543106198311e-03
1.677683321759104729e-03
2.088328357785940170e-03
2.282977802678942680e-03
1.608140650205314159e-03
1.576289650984108448e-03
1.780861872248351574e-03
2.166863065212965012e-03
2.245836425572633743e-03
2.259814646095037460e-03
2.117179334163665771e-03
2.088371431455016136e-03
1.708221971057355404e-03
2.121947705745697021e-03
2.264342503622174263e-03
2.083205385133624077e-03
1.718224957585334778e-03
1.789123169146478176e-03
1.646402291953563690e-03
2.212153980508446693e-03
1.858846284449100494e-03
1.323868404142558575e-03
1.681974506936967373e-03
1.710993004962801933e-03
2.169211627915501595e-03
2.311937278136610985e-03
2.014062134549021721e-03
2.496660919860005379e-03
2.350462367758154869e-03
2.561968751251697540e-03
2.152068773284554482e-03
1.684014918282628059e-03
1.451083109714090824e-03
2.217616420239210129e-03
2.346209948882460594e-03
1.863026525825262070e-03
2.380026271566748619e-03
2.419820986688137054e-03
2.151790307834744453e-03
1.618091133423149586e-03
1.817058422602713108e-03
1.970818266272544861e-03
2.501836745068430901e-03
2.046550158411264420e-03
2.353383228182792664e-03
2.397129312157630920e-03
1.616460736840963364e-03
2.042402047663927078e-03
2.089463174343109131e-03
2.017207210883498192e-03
2.231729682534933090e-03
2.261735731735825539e-03
2.431832253932952881e-03
1.715365331619977951e-03
2.248203614726662636e-03
2.087844302877783775e-03
1.911539351567625999e-03
2.534337341785430908e-03
1.543818507343530655e-03
1.738797524012625217e-03
2.155895112082362175e-03
2.090380061417818069e-03
2.788166981190443039e-03
1.727023744024336338e-03
1.509983907453715801e-03
2.328470582142472267e-03
2.172464039176702499e-03
1.833518967032432556e-03
1.582888187840580940e-03
1.872652443125844002e-03
2.105706138536334038e-03
2.284784335643053055e-03
2.471196465194225311e-03
1.546580810099840164e-03
2.043035812675952911e-03
1.943366136401891708e-03
2.025924623012542725e-03
1.616684719920158386e-03
1.468205708079040051e-03
2.567458897829055786e-03
1.464886008761823177e-03
2.012612298130989075e-03
2.254769671708345413e-03
1.537856296636164188e-03
2.034929813817143440e-03
1.820131088607013226e-03
2.486128127202391624e-03
1.837156596593558788e-03
1.927819103002548218e-03
2.006165683269500732e-03
1.590449712239205837e-03
2.165671205148100853e-03
1.967466901987791061e-03
1.984445145353674889e-03
2.174733672291040421e-03
1.977671170607209206e-03
1.633674255572259426e-03
2.126167993992567062e-03
2.566509414464235306e-03
1.620380324311554432e-03
1.664313487708568573e-03
1.583808334544301033e-03
2.457631286233663559e-03
1.731141353957355022e-03
2.036157296970486641e-03
2.348810201510787010e-03
1.686824369244277477e-03
1.648825360462069511e-03
2.037450205534696579e-03
2.235530177131295204e-03
1.931912498548626900e-03
1.430383417755365372e-03
1.956484280526638031e-03
1.883582910522818565e-03
2.011995296925306320e-03
2.018984174355864525e-03
1.342066563665866852e-03
1.444893307052552700e-03
1.602992299012839794e-03
2.058697398751974106e-03
1.961264526471495628e-03
2.088036853820085526e-03
1.827415195293724537e-03
2.086803084239363670e-03
2.237070584669709206e-03
1.902006682939827442e-03
1.787723158486187458e-03
2.027376554906368256e-03
2.669492037966847420e-03
1.623493037186563015e-03
1.761409803293645382e-03
1.977048115804791451e-03
1.820733537897467613e-03
1.860800548456609249e-03
1.924804062582552433e-03
1.615415210835635662e-03
1.716702943667769432e-03
2.020462648943066597e-03
1.833822927437722683e-03
1.610477920621633530e-03
1.967218471691012383e-03
1.847686362452805042e-03
2.203874289989471436e-03
2.490710699930787086e-03
1.434889971278607845e-03
2.143320627510547638e-03
2.132153371348977089e-03
1.513824448920786381e-03
2.534788101911544800e-03
1.952310325577855110e-03
1.920144073665142059e-03
1.847632927820086479e-03
2.327107358723878860e-03
1.576496521010994911e-03
2.258865628391504288e-03
2.159696538001298904e-03
1.743479282595217228e-03
1.905233482830226421e-03
1.597730792127549648e-03
2.149710198864340782e-03
2.594707300886511803e-03
