2.006340539082884789e-03
1.986742950975894928e-03
2.022756263613700867e-03
2.005719346925616264e-03
1.999241765588521957e-03
2.049250295385718346e-03
1.986553426831960678e-03
1.994987949728965759e-03
2.019225386902689934e-03
2.036441583186388016e-03
2.051232848316431046e-03
1.999637810513377190e-03
2.015703823417425156e-03
1.984735485166311264e-03
2.006006427109241486e-03
1.966363284736871719e-03
2.105113118886947632e-03
1.959409099072217941e-03
1.997483894228935242e-03
2.004153793677687645e-03
1.964777940884232521e-03
1.922792405821382999e-03
2.026699017733335495e-03
2.058998914435505867e-03
2.012458629906177521e-03
2.031678799539804459e-03
1.942699775099754333e-03
2.029546070843935013e-03
1.955360174179077148e-03
1.930473139509558678e-03
1.933188410475850105e-03
2.005680697038769722e-03
1.998905558139085770e-03
1.954756444320082664e-03
1.988229108974337578e-03
1.953681232407689095e-03
1.978846499696373940e-03
2.021996537223458290e-03
2.010405762121081352e-03
2.091943286359310150e-03
1.957338768988847733e-03
2.003235043957829475e-03
2.048438880592584610e-03
1.943401875905692577e-03
1.977242063730955124e-03
2.033262280747294426e-03
1.927352859638631344e-03
2.006460912525653839e-03
1.978493761271238327e-03
2.036898862570524216e-03
2.010455820709466934e-03
1.959226327016949654e-03
1.944926683790981770e-03
1.979190390557050705e-03
2.004275331273674965e-03
1.996788429096341133e-03
2.048847964033484459e-03
2.041568048298358917e-03
1.941714785061776638e-03
2.094503957778215408e-03
1.965165371075272560e-03
1.972953788936138153e-03
1.944835763424634933e-03
1.947980141267180443e-03
2.034542849287390709e-03
2.024706918746232986e-03
2.100992016494274139e-03
1.911467639729380608e-03
1.990032615140080452e-03
1.875475165434181690e-03
2.026515547186136246e-03
1.945141237229108810e-03
2.084602368995547295e-03
2.005780581384897232e-03
2.022446366026997566e-03
2.032966120168566704e-03
2.018332947045564651e-03
1.957011176273226738e-03
2.066295128315687180e-03
2.039942424744367599e-03
2.024391433224081993e-03
1.943244598805904388e-03
1.991698518395423889e-03
2.046552952378988266e-03
1.941902330145239830e-03
1.991939963772892952e-03
1.958239357918500900e-03
2.020384883508086205e-03
2.030994975939393044e-03
1.952006598003208637e-03
1.989305717870593071e-03
1.975928200408816338e-03
2.013969467952847481e-03
1.976402942091226578e-03
2.048553898930549622e-03
2.003860892727971077e-03
1.976016908884048462e-03
1.990620512515306473e-03
1.932982471771538258e-03
1.999577973037958145e-03
2.069038804620504379e-03
2.072492381557822227e-03
1.964016817510128021e-03
1.997533952817320824e-03
2.007678151130676270e-03
1.979109831154346466e-03
1.996033592149615288e-03
2.040544757619500160e-03
1.997469458729028702e-03
2.039233222603797913e-03
1.959648914635181427e-03
2.035990124568343163e-03
1.998482039198279381e-03
1.998441061004996300e-03
2.115749986842274666e-03
2.024818211793899536e-03
2.006648341193795204e-03
1.909583457745611668e-03
2.033214317634701729e-03
1.986508024856448174e-03
1.989303855225443840e-03
1.969482749700546265e-03
1.972485799342393875e-03
2.048701513558626175e-03
2.040782710537314415e-03
1.959958812221884727e-03
2.019853331148624420e-03
2.093289047479629517e-03
2.017033519223332405e-03
1.971225021407008171e-03
1.936262357048690319e-03
2.055798191577196121e-03
2.014798810705542564e-03
1.899351365864276886e-03
2.025188645347952843e-03
2.035625744611024857e-03
1.991234486922621727e-03
1.953579019755125046e-03
2.030063187703490257e-03
1.948442542925477028e-03
2.028889954090118408e-03
2.075170399621129036e-03
1.943220617249608040e-03
1.983892638236284256e-03
2.008878858759999275e-03
2.052590949460864067e-03
2.023369073867797852e-03
1.963803777471184731e-03
1.930438796989619732e-03
2.004660665988922119e-03
2.023024950176477432e-03
1.942692557349801064e-03
2.043430926278233528e-03
1.996033359318971634e-03
2.004919108003377914e-03
2.027595182880759239e-03
2.017346210777759552e-03
1.988698029890656471e-03
1.965788193047046661e-03
2.016524784266948700e-03
2.030846429988741875e-03
1.997067127376794815e-03
1.981617184355854988e-03
1.992361154407262802e-03
1.949512865394353867e-03
1.998930238187313080e-03
1.970057142898440361e-03
2.026413101702928543e-03
1.927486388012766838e-03
1.954947831109166145e-03
2.022217260673642159e-03
2.007301896810531616e-03
1.980750123038887978e-03
1.998932333663105965e-03
1.983074005693197250e-03
2.064773347228765488e-03
2.090189605951309204e-03
2.070063492283225060e-03
1.989793498069047928e-03
2.028953051194548607e-03
1.942037488333880901e-03
2.037550322711467743e-03
2.004891866818070412e-03
2.067955909296870232e-03
1.976099796593189240e-03
1.979132182896137238e-03
1.990781398490071297e-03
1.952845603227615356e-03
1.955604646354913712e-03
1.954081002622842789e-03
1.914029358886182308e-03
2.028894377872347832e-03
2.055699238553643227e-03
1.994320889934897423e-03
2.052160445600748062e-03
1.954041654244065285e-03
1.990807708352804184e-03
2.051520859822630882e-03
2.035727957263588905e-03
2.070712391287088394e-03
1.954198349267244339e-03
2.050515962764620781e-03
1.994231715798377991e-03
1.965349540114402771e-03
2.005444606766104698e-03
2.041643718257546425e-03
1.956491498276591301e-03
1.948451739735901356e-03
2.049412811174988747e-03
2.018760424107313156e-03
2.071556402370333672e-03
1.986902672797441483e-03
2.017972059547901154e-03
2.069202484562993050e-03
2.039152430370450020e-03
2.007855102419853210e-03
2.034925622865557671e-03
1.982901943847537041e-03
2.003512578085064888e-03
1.973829930648207664e-03
2.008701674640178680e-03
2.019684994593262672e-03
2.047044225037097931e-03
2.050124574452638626e-03
2.080695237964391708e-03
2.020257292315363884e-03
1.985531300306320190e-03
1.949026249349117279e-03
2.103868406265974045e-03
2.044458640739321709e-03
1.945154508575797081e-03
1.971564721316099167e-03
2.012686803936958313e-03
1.989237498492002487e-03
1.965709030628204346e-03
2.080204663798213005e-03
1.967467600479722023e-03
1.913003856316208839e-03
2.034045290201902390e-03
2.053501317277550697e-03
2.022558590397238731e-03
1.955415587872266769e-03
2.075909171253442764e-03
2.002892317250370979e-03
1.994866877794265747e-03
2.002450404688715935e-03
1.989790238440036774e-03
1.953499391674995422e-03
2.069053240120410919e-03
2.047895453870296478e-03
2.052685245871543884e-03
2.023507840931415558e-03
2.004023874178528786e-03
2.017325721681118011e-03
2.102439524605870247e-03
2.003424335271120071e-03
1.956444466486573219e-03
2.068861154839396477e-03
1.940279966220259666e-03
2.035162644460797310e-03
1.997885759919881821e-03
2.004680689424276352e-03
1.982831628993153572e-03
2.020455198362469673e-03
2.019408857449889183e-03
1.958548091351985931e-03
1.902247429825365543e-03
2.041401108726859093e-03
2.007585717365145683e-03
2.001161687076091766e-03
1.989683369174599648e-03
2.000939566642045975e-03
1.968559343367815018e-03
1.928585115820169449e-03
1.997906714677810669e-03
1.988200703635811806e-03
1.932210288941860199e-03
2.080505248159170151e-03
1.981926849111914635e-03
2.008441835641860962e-03
1.984951552003622055e-03
2.022305270656943321e-03
1.913871848955750465e-03
1.969443634152412415e-03
2.017196500673890114e-03
1.953888917341828346e-03
1.974326791241765022e-03
1.985120121389627457e-03
2.036768011748790741e-03
1.999711617827415466e-03
2.059908350929617882e-03
2.083222381770610809e-03
1.939153764396905899e-03
1.906131044961512089e-03
1.992158126085996628e-03
1.954689854755997658e-03
2.003852743655443192e-03
2.020638203248381615e-03
2.003575209528207779e-03
1.959372544661164284e-03
1.937889377586543560e-03
1.992152305319905281e-03
1.972311642020940781e-03
1.994431950151920319e-03
2.000004285946488380e-03
2.022510161623358727e-03
2.032631076872348785e-03
2.095347270369529724e-03
1.947670942172408104e-03
1.949622295796871185e-03
1.987073337659239769e-03
2.075312426313757896e-03
1.968041528016328812e-03
2.023731125518679619e-03
2.070519374683499336e-03
2.013014396652579308e-03
1.980194821953773499e-03
2.002327702939510345e-03
1.936475047841668129e-03
2.044029533863067627e-03
2.014208352193236351e-03
2.013564808294177055e-03
2.020078012719750404e-03
2.081754617393016815e-03
2.069936366751790047e-03
1.986255403608083725e-03
1.952312421053647995e-03
2.063571708276867867e-03
1.969480188563466072e-03
1.991206081584095955e-03
1.970294862985610962e-03
2.068447880446910858e-03
1.989268697798252106e-03
1.985350856557488441e-03
1.959946472197771072e-03
2.037144498899579048e-03
2.032472053542733192e-03
1.980902627110481262e-03
1.918672816827893257e-03
1.932784449309110641e-03
1.956747611984610558e-03
1.936061657033860683e-03
1.948376302607357502e-03
2.010928699746727943e-03
1.956212334334850311e-03
1.996112056076526642e-03
1.951309270225465298e-03
1.980990404263138771e-03
1.956131774932146072e-03
2.017603954300284386e-03
1.953614642843604088e-03
2.031087409704923630e-03
2.018650062382221222e-03
1.953293569386005402e-03
2.003341447561979294e-03
1.995966769754886627e-03
2.007495379075407982e-03
2.016162965446710587e-03
1.977511681616306305e-03
1.999802654609084129e-03
1.995943719521164894e-03
2.013530116528272629e-03
2.086105523630976677e-03
2.036019461229443550e-03
1.986461924389004707e-03
2.017937367781996727e-03
1.985022565349936485e-03
1.991970464587211609e-03
1.971655059605836868e-03
1.967673189938068390e-03
2.041634870693087578e-03
1.959174871444702148e-03
2.006429480388760567e-03
1.969678327441215515e-03
2.026234753429889679e-03
1.946538686752319336e-03
2.013633260503411293e-03
2.042882842943072319e-03
2.040531719103455544e-03
1.921860617585480213e-03
2.068142406642436981e-03
2.120192628353834152e-03
1.959802350029349327e-03
2.002918859943747520e-03
1.962578156962990761e-03
2.005250426009297371e-03
2.054373966529965401e-03
2.036015968769788742e-03
1.978703774511814117e-03
2.139070536941289902e-03
1.968404743820428848e-03
1.972549594938755035e-03
2.005680464208126068e-03
1.953274477273225784e-03
1.983227208256721497e-03
1.992847071960568428e-03
1.994226593524217606e-03
1.991318538784980774e-03
1.964240102097392082e-03
2.048205118626356125e-03
2.037347760051488876e-03
2.061768434941768646e-03
2.011882606893777847e-03
1.984102884307503700e-03
1.953501952812075615e-03
1.966310665011405945e-03
1.992150908336043358e-03
2.066006185486912727e-03
2.010041149333119392e-03
1.929640769958496094e-03
2.035594778135418892e-03
2.008704701438546181e-03
1.970123033970594406e-03
2.045205328613519669e-03
2.059259219095110893e-03
1.913113752380013466e-03
1.977632753551006317e-03
2.006037859246134758e-03
2.020613523200154305e-03
2.015387173742055893e-03
2.029709983617067337e-03
1.957965316250920296e-03
2.017603255808353424e-03
2.023812150582671165e-03
2.006168011575937271e-03
2.050228649750351906e-03
2.000664127990603447e-03
2.011143369600176811e-03
1.968972384929656982e-03
1.922327908687293530e-03
2.025491558015346527e-03
2.047710353508591652e-03
1.915317378006875515e-03
2.057718811556696892e-03
1.999163767322897911e-03
1.965611241757869720e-03
1.942468690685927868e-03
1.901343814097344875e-03
1.948655699379742146e-03
2.040366176515817642e-03
2.014690544456243515e-03
2.012200420722365379e-03
1.941210706718266010e-03
2.044328255578875542e-03
1.999624539166688919e-03
2.046120585873723030e-03
1.938503934070467949e-03
2.047482877969741821e-03
2.023090142756700516e-03
2.048133872449398041e-03
2.012776210904121399e-03
1.981751061975955963e-03
1.978038577362895012e-03
1.984459813684225082e-03
1.971932128071784973e-03
1.983788097277283669e-03
1.961868023499846458e-03
1.964393770322203636e-03
1.985693350434303284e-03
1.945396419614553452e-03
1.988341333344578743e-03
2.010954311117529869e-03
2.021923195570707321e-03
1.964835450053215027e-03
1.992920879274606705e-03
1.977349165827035904e-03
2.009740797802805901e-03
2.045595319941639900e-03
2.038627397269010544e-03
1.959642628207802773e-03
1.941776135936379433e-03
2.075696829706430435e-03
1.967911608517169952e-03
2.023514127358794212e-03
2.058236859738826752e-03
2.090069232508540154e-03
1.981446985155344009e-03
2.013384597375988960e-03
1.954403705894947052e-03
1.941463444381952286e-03
1.994011225178837776e-03
2.023788634687662125e-03
2.069570356979966164e-03
1.960526918992400169e-03
1.998139545321464539e-03
1.981909852474927902e-03
1.997563755139708519e-03
1.990021206438541412e-03
2.026615664362907410e-03
1.984498929232358932e-03
1.960134599357843399e-03
2.029377967119216919e-03
1.951297861523926258e-03
2.006829716265201569e-03
1.967976568266749382e-03
1.988433767110109329e-03
2.001679968088865280e-03
1.936573884449899197e-03
2.028659218922257423e-03
1.924266223795711994e-03
