1.849308959208428860e-03
2.195341046899557114e-03
2.294511767104268074e-03
1.896721776574850082e-03
1.949801808223128319e-03
1.888233935460448265e-03
1.852394896559417248e-03
2.449104096740484238e-03
2.134484238922595978e-03
1.776034128852188587e-03
2.068960107862949371e-03
2.029069932177662849e-03
2.163347322493791580e-03
1.709873671643435955e-03
1.720152911730110645e-03
1.671737642027437687e-03
1.974103739485144615e-03
2.106274478137493134e-03
2.259209984913468361e-03
1.757455873303115368e-03
1.846787170507013798e-03
1.976977800950407982e-03
2.114068949595093727e-03
2.086628926917910576e-03
2.068785484880208969e-03
2.231157617643475533e-03
2.001224085688591003e-03
2.157039009034633636e-03
1.731838332489132881e-03
1.872175489552319050e-03
1.672295853495597839e-03
2.200428396463394165e-03
2.352598356083035469e-03
1.943246577866375446e-03
2.075946424156427383e-03
1.707945717498660088e-03
2.109628403559327126e-03
1.677468535490334034e-03
1.730911782942712307e-03
1.849113148637115955e-03
2.059828257188200951e-03
1.733638695441186428e-03
1.805094769224524498e-03
1.792156021110713482e-03
1.931313890963792801e-03
1.745535060763359070e-03
2.396556548774242401e-03
2.035478362813591957e-03
2.088472479954361916e-03
2.037496538832783699e-03
1.820814097300171852e-03
2.109924796968698502e-03
2.517485059797763824e-03
2.263471484184265137e-03
2.193497261032462120e-03
1.854253117926418781e-03
1.756145851686596870e-03
1.995159080252051353e-03
2.230503363534808159e-03
1.748373499140143394e-03
1.837117248214781284e-03
1.615402870811522007e-03
2.297006314620375633e-03
2.073027426376938820e-03
1.828257227316498756e-03
2.224717522040009499e-03
2.026741625741124153e-03
1.946277916431427002e-03
2.079390222206711769e-03
2.278829459100961685e-03
1.830168650485575199e-03
1.785847824066877365e-03
2.176362089812755585e-03
1.456301310099661350e-03
2.215329557657241821e-03
2.139151329174637794e-03
2.063046675175428391e-03
2.107238629832863808e-03
2.337927697226405144e-03
1.968114404007792473e-03
2.057189121842384338e-03
1.922365161590278149e-03
2.186399884521961212e-03
2.232382306829094887e-03
1.659739413298666477e-03
1.796537078917026520e-03
1.982343848794698715e-03
2.303904620930552483e-03
2.020548097789287567e-03
1.834514434449374676e-03
1.970299752429127693e-03
2.124495571479201317e-03
1.891160965897142887e-03
2.128316555172204971e-03
2.030554460361599922e-03
1.814026036299765110e-03
2.247784985229372978e-03
1.785339089110493660e-03
1.558838412165641785e-03
1.950311590917408466e-03
2.129873959347605705e-03
1.962598413228988647e-03
1.809346256777644157e-03
1.961158355697989464e-03
1.868492690846323967e-03
1.655072672292590141e-03
1.957847271114587784e-03
1.949920435436069965e-03
2.182566793635487556e-03
2.100469311699271202e-03
2.231669146567583084e-03
1.686441712081432343e-03
2.202304080128669739e-03
1.937430119141936302e-03
2.099048579111695290e-03
1.908057369291782379e-03
2.226944779977202415e-03
2.011438831686973572e-03
2.204904099926352501e-03
1.615919987671077251e-03
1.883485354483127594e-03
1.938615110702812672e-03
2.087081782519817352e-03
1.596128568053245544e-03
2.147672930732369423e-03
1.963366754353046417e-03
1.854708883911371231e-03
2.382991835474967957e-03
2.239932073280215263e-03
1.810836838558316231e-03
1.982636516913771629e-03
1.903170254081487656e-03
1.969977514818310738e-03
1.963307149708271027e-03
2.147088991478085518e-03
2.102367347106337547e-03
2.420837990939617157e-03
1.953275408595800400e-03
2.252657432109117508e-03
2.093552146106958389e-03
2.155650407075881958e-03
1.967515097931027412e-03
2.317518694326281548e-03
1.974300947040319443e-03
2.381399506703019142e-03
1.563556492328643799e-03
1.899938564747571945e-03
1.946812612004578114e-03
2.232016529887914658e-03
1.783021376468241215e-03
1.590049709193408489e-03
1.777023193426430225e-03
1.872181193903088570e-03
2.298903418704867363e-03
1.971650170162320137e-03
2.317451639100909233e-03
1.816756092011928558e-03
1.776098157279193401e-03
2.165473764762282372e-03
1.897542853839695454e-03
1.929554506205022335e-03
2.034096047282218933e-03
1.956793712452054024e-03
1.702078268863260746e-03
1.910396735183894634e-03
2.034974982962012291e-03
2.068316796794533730e-03
1.639346126466989517e-03
1.987017225474119186e-03
1.937841065227985382e-03
2.155892085283994675e-03
2.103052567690610886e-03
2.319745020940899849e-03
1.909390557557344437e-03
1.939532812684774399e-03
1.996783539652824402e-03
2.272184239700436592e-03
2.202455652877688408e-03
1.668214099481701851e-03
1.977348932996392250e-03
2.193812979385256767e-03
1.759548555128276348e-03
2.031097421422600746e-03
2.118763746693730354e-03
2.143122488632798195e-03
2.020702231675386429e-03
1.958911772817373276e-03
1.998956315219402313e-03
1.804661354981362820e-03
2.245889743790030479e-03
1.790386275388300419e-03
1.912112231366336346e-03
2.282583387568593025e-03
1.573978574015200138e-03
2.210145816206932068e-03
1.962373731657862663e-03
1.943218521773815155e-03
1.808240660466253757e-03
2.080220729112625122e-03
1.834421185776591301e-03
1.562344608828425407e-03
2.023035660386085510e-03
2.004583599045872688e-03
1.534281997010111809e-03
1.839220640249550343e-03
2.234339015558362007e-03
2.079576253890991211e-03
2.211611950770020485e-03
1.818201271817088127e-03
1.859781914390623569e-03
1.972874393686652184e-03
1.765791676007211208e-03
2.100111450999975204e-03
2.308045979589223862e-03
2.342073945328593254e-03
2.088937908411026001e-03
1.992190023884177208e-03
2.130340784788131714e-03
1.896032947115600109e-03
2.352874027565121651e-03
2.281312830746173859e-03
2.304906258359551430e-03
2.001019194722175598e-03
1.938019413501024246e-03
1.684846705757081509e-03
1.813483191654086113e-03
1.821632846258580685e-03
1.656162668950855732e-03
1.792641473002731800e-03
1.943026320077478886e-03
1.707473187707364559e-03
2.105738501995801926e-03
1.969996141269803047e-03
2.055100165307521820e-03
1.715803169645369053e-03
2.012037439271807671e-03
2.344908425584435463e-03
2.005905145779252052e-03
1.843677950091660023e-03
2.062357962131500244e-03
2.052303636446595192e-03
1.879618270322680473e-03
2.162832999601960182e-03
1.852503861300647259e-03
1.974149141460657120e-03
1.669009914621710777e-03
1.741460408084094524e-03
2.029325347393751144e-03
1.962606562301516533e-03
2.003254834562540054e-03
2.108423970639705658e-03
1.950933365151286125e-03
1.961869420483708382e-03
2.001515356823801994e-03
2.035734942182898521e-03
1.997577957808971405e-03
1.828562933951616287e-03
2.175915753468871117e-03
1.884233206510543823e-03
1.923390896990895271e-03
2.360214944928884506e-03
2.271449659019708633e-03
1.887642778456211090e-03
2.330700634047389030e-03
1.643138704821467400e-03
2.139876829460263252e-03
1.917978632263839245e-03
2.115683397278189659e-03
2.077872399240732193e-03
2.337356330826878548e-03
2.160992007702589035e-03
1.829761778935790062e-03
1.767377601936459541e-03
2.076060045510530472e-03
1.779249170795083046e-03
1.787926186807453632e-03
1.660814974457025528e-03
1.958670793101191521e-03
1.843862817622721195e-03
1.815930008888244629e-03
2.002714201807975769e-03
2.550100209191441536e-03
2.005350543186068535e-03
2.214507432654500008e-03
1.965623814612627029e-03
2.540678950026631355e-03
2.099578035995364189e-03
1.982687506824731827e-03
2.021508989855647087e-03
1.892756903544068336e-03
2.204519230872392654e-03
1.897055073641240597e-03
2.055968390777707100e-03
2.045558067038655281e-03
1.792043214663863182e-03
1.996200997382402420e-03
2.006930531933903694e-03
2.075611846521496773e-03
2.289055613800883293e-03
1.764655695296823978e-03
1.968546537682414055e-03
1.845477730967104435e-03
1.961794681847095490e-03
1.896981266327202320e-03
2.010772470384836197e-03
1.875805202871561050e-03
1.773388357833027840e-03
2.289918716996908188e-03
2.174751367419958115e-03
1.795367454178631306e-03
1.713142963126301765e-03
1.792700961232185364e-03
2.034151228144764900e-03
2.090778201818466187e-03
1.989190466701984406e-03
1.843112520873546600e-03
1.924405456520617008e-03
1.942631322890520096e-03
2.220025518909096718e-03
1.904628123156726360e-03
2.183626638725399971e-03
2.135684713721275330e-03
1.967582385987043381e-03
1.933891442604362965e-03
2.057665260508656502e-03
2.055925782769918442e-03
2.096296288073062897e-03
1.796553609892725945e-03
2.114748815074563026e-03
1.898447051644325256e-03
2.310863463208079338e-03
2.153648063540458679e-03
1.829931046813726425e-03
2.179196802899241447e-03
2.075916156172752380e-03
1.793781179003417492e-03
2.226281911134719849e-03
1.775251468643546104e-03
2.158396644517779350e-03
1.997518585994839668e-03
2.079127822071313858e-03
2.086034044623374939e-03
1.586416619829833508e-03
2.134365728124976158e-03
2.071086084470152855e-03
2.018623752519488335e-03
2.412852831184864044e-03
2.059271559119224548e-03
1.883900724351406097e-03
1.952586346305906773e-03
1.790555659681558609e-03
2.304122783243656158e-03
2.117822412401437759e-03
1.909030484966933727e-03
2.135109389200806618e-03
2.146437764167785645e-03
2.121811266988515854e-03
2.051430055871605873e-03
1.973496284335851669e-03
2.143278717994689941e-03
1.822173129767179489e-03
1.985837006941437721e-03
1.631508581340312958e-03
1.568135456182062626e-03
1.705116475932300091e-03
2.207044744864106178e-03
2.008527517318725586e-03
2.417181152850389481e-03
1.828631386160850525e-03
1.855596899986267090e-03
2.241736510768532753e-03
2.238537417724728584e-03
2.363897161558270454e-03
1.813537557609379292e-03
1.770589849911630154e-03
2.041590632870793343e-03
2.240971429273486137e-03
2.029925817623734474e-03
1.974046230316162109e-03
2.105060266330838203e-03
1.603613840416073799e-03
2.052733907476067543e-03
2.164270030334591866e-03
2.591077005490660667e-03
2.093251096084713936e-03
2.304905327036976814e-03
1.904796576127409935e-03
1.632292987778782845e-03
2.526053693145513535e-03
2.311114454641938210e-03
2.349335700273513794e-03
2.054946729913353920e-03
1.787755172699689865e-03
1.888138009235262871e-03
1.846539904363453388e-03
2.061356091871857643e-03
1.551229623146355152e-03
1.745400484651327133e-03
1.992278266698122025e-03
2.100947080180048943e-03
1.859466894529759884e-03
2.157277427613735199e-03
1.755145261995494366e-03
1.775155309587717056e-03
1.980296568945050240e-03
2.051806543022394180e-03
2.300693420693278313e-03
2.187600592151284218e-03
2.030599629506468773e-03
1.717971987091004848e-03
2.269023098051548004e-03
1.812043017707765102e-03
2.276909537613391876e-03
2.179272472858428955e-03
2.248485572636127472e-03
1.677845139056444168e-03
2.497113542631268501e-03
2.170336898416280746e-03
1.669723889790475368e-03
1.711763208732008934e-03
2.106048632413148880e-03
2.304575173184275627e-03
1.793150324374437332e-03
2.119881566613912582e-03
1.671961159445345402e-03
2.070431131869554520e-03
2.104223007336258888e-03
2.088093431666493416e-03
1.723013469018042088e-03
2.244272967800498009e-03
2.097211079671978951e-03
2.248476725071668625e-03
1.847898820415139198e-03
1.625646720640361309e-03
2.035638317465782166e-03
2.418830292299389839e-03
2.181737218052148819e-03
1.971896039322018623e-03
1.733783166855573654e-03
1.896319678053259850e-03
1.872836146503686905e-03
1.816848642192780972e-03
2.026308793574571609e-03
2.145973499864339828e-03
1.984715461730957031e-03
2.202478935942053795e-03
1.940185669809579849e-03
2.048107562586665154e-03
2.314741490408778191e-03
2.034679520875215530e-03
2.111427485942840576e-03
2.068037400022149086e-03
1.908637466840445995e-03
1.679854583926498890e-03
2.275727689266204834e-03
2.362433122470974922e-03
1.627671532332897186e-03
2.233975334092974663e-03
1.825961051508784294e-03
1.595884445123374462e-03
1.750517287291586399e-03
1.875219517387449741e-03
1.856637420132756233e-03
2.107912907376885414e-03
1.798418001271784306e-03
1.809996902011334896e-03
2.180102048441767693e-03
1.622639829292893410e-03
1.963237300515174866e-03
2.258763415738940239e-03
1.837335759773850441e-03
2.184922108426690102e-03
2.190889790654182434e-03
1.834296039305627346e-03
1.744884881190955639e-03
1.990360673516988754e-03
2.109562279656529427e-03
2.215179381892085075e-03
1.758525730110704899e-03
2.103196689859032631e-03
1.976298168301582336e-03
1.728895935229957104e-03
1.934021245688199997e-03
2.036541933193802834e-03
2.030685078352689743e-03
2.455940935760736465e-03
1.960094319656491280e-03
2.019811421632766724e-03
1.910380553454160690e-03
1.806726795621216297e-03
2.186210593208670616e-03
1.939544687047600746e-03
2.511849394068121910e-03
2.082313876599073410e-03
2.219308400526642799e-03
2.054814249277114868e-03
2.072942210361361504e-03
2.235020510852336884e-03
1.752442680299282074e-03
1.921344548463821411e-03
