6.400000000000000000e+01
1.180000000000000000e+02
1.170000000000000000e+02
2.230000000000000000e+02
2.130000000000000000e+02
5.600000000000000000e+01
6.200000000000000000e+01
2.090000000000000000e+02
2.590000000000000000e+02
2.220000000000000000e+02
8.500000000000000000e+01
1.180000000000000000e+02
3.590000000000000000e+02
2.580000000000000000e+02
7.300000000000000000e+01
1.640000000000000000e+02
1.310000000000000000e+02
4.000000000000000000e+00
2.230000000000000000e+02
2.090000000000000000e+02
8.600000000000000000e+01
1.500000000000000000e+02
2.000000000000000000e+01
1.150000000000000000e+02
2.430000000000000000e+02
1.720000000000000000e+02
1.030000000000000000e+02
2.170000000000000000e+02
9.700000000000000000e+01
1.310000000000000000e+02
2.070000000000000000e+02
9.500000000000000000e+01
1.970000000000000000e+02
