-3.797154449699398082e+00
-2.935408221827844333e+00
-3.100419966606611233e+00
-3.009248078149800332e+00
-3.101935941974854227e+00
-2.906575691900821656e+00
-2.951390700807368095e+00
-3.719173628274990762e+00
-3.681529460067543447e+00
-3.593404086163909827e+00
-3.863406987649974145e+00
-3.694564039541186506e+00
-3.691923086654860686e+00
-3.121854040799219465e+00
-3.716834351318138108e+00
-3.789828725765469031e+00
-3.642773334031741861e+00
-3.814296389645485785e+00
-3.842222407112644955e+00
-3.811754391279189136e+00
-3.343750728902183056e+00
-3.772281075166179498e+00
-3.712797015218957331e+00
-3.714589816869311445e+00
-3.413370926611860146e+00
-3.752960920752943519e+00
-3.464631958623793029e+00
-3.700309079740669471e+00
-3.688852941760861981e+00
-3.780768252124556028e+00
-3.584471860823519318e+00
-3.657524490835544206e+00
-3.615635518074156618e+00
