5.770000000000000000e+02
4.220000000000000000e+02
5.800000000000000000e+02
4.450000000000000000e+02
4.940000000000000000e+02
4.740000000000000000e+02
5.490000000000000000e+02
4.350000000000000000e+02
4.270000000000000000e+02
4.170000000000000000e+02
4.630000000000000000e+02
4.140000000000000000e+02
4.390000000000000000e+02
3.270000000000000000e+02
3.490000000000000000e+02
3.660000000000000000e+02
5.580000000000000000e+02
3.910000000000000000e+02
3.910000000000000000e+02
4.810000000000000000e+02
4.960000000000000000e+02
3.990000000000000000e+02
5.120000000000000000e+02
8.480000000000000000e+02
5.040000000000000000e+02
4.840000000000000000e+02
4.850000000000000000e+02
4.660000000000000000e+02
4.630000000000000000e+02
4.900000000000000000e+02
5.580000000000000000e+02
4.530000000000000000e+02
5.380000000000000000e+02
5.290000000000000000e+02
4.520000000000000000e+02
4.670000000000000000e+02
3.300000000000000000e+02
5.720000000000000000e+02
4.070000000000000000e+02
4.570000000000000000e+02
2.770000000000000000e+02
4.990000000000000000e+02
4.870000000000000000e+02
7.340000000000000000e+02
4.530000000000000000e+02
3.920000000000000000e+02
5.820000000000000000e+02
7.360000000000000000e+02
4.820000000000000000e+02
4.230000000000000000e+02
3.710000000000000000e+02
8.080000000000000000e+02
6.290000000000000000e+02
5.730000000000000000e+02
6.250000000000000000e+02
6.400000000000000000e+02
4.910000000000000000e+02
4.580000000000000000e+02
4.560000000000000000e+02
5.420000000000000000e+02
4.780000000000000000e+02
4.920000000000000000e+02
5.420000000000000000e+02
5.840000000000000000e+02
3.990000000000000000e+02
3.120000000000000000e+02
3.940000000000000000e+02
5.300000000000000000e+02
4.060000000000000000e+02
