4.184372723102569580e-03
4.135415423661470413e-03
4.058901686221361160e-03
3.972379956394433975e-03
4.088252317160367966e-03
4.160775803029537201e-03
4.015679005533456802e-03
4.298342857509851456e-03
3.977882675826549530e-03
4.125381819903850555e-03
3.902558004483580589e-03
4.079572856426239014e-03
4.005696158856153488e-03
3.837396390736103058e-03
4.242210648953914642e-03
3.721444634720683098e-03
3.879460738971829414e-03
3.958256915211677551e-03
3.982469905167818069e-03
4.114476032555103302e-03
4.196707624942064285e-03
3.934266045689582825e-03
4.213296342641115189e-03
4.022925626486539841e-03
4.024780355393886566e-03
4.172108601778745651e-03
4.044240806251764297e-03
4.025308415293693542e-03
4.122941754758358002e-03
4.016636870801448822e-03
4.017977509647607803e-03
3.809343324974179268e-03
3.900616196915507317e-03
4.107177257537841797e-03
4.055370576679706573e-03
4.079661797732114792e-03
3.861131379380822182e-03
4.025015514343976974e-03
3.987879958003759384e-03
3.991834353655576706e-03
3.961732145398855209e-03
4.048977047204971313e-03
3.929770085960626602e-03
3.888933686539530754e-03
3.728579031303524971e-03
3.807062748819589615e-03
4.044872708618640900e-03
3.985975403338670731e-03
4.136942792683839798e-03
4.182986915111541748e-03
3.850139444693922997e-03
4.080716986209154129e-03
4.042002838104963303e-03
3.952980041503906250e-03
3.795108292251825333e-03
4.013880621641874313e-03
4.116595722734928131e-03
4.167425911873579025e-03
3.812031587585806847e-03
3.872734960168600082e-03
3.864118130877614021e-03
3.994334489107131958e-03
4.094052128493785858e-03
3.775841789320111275e-03
4.015703685581684113e-03
3.945218864828348160e-03
4.166345577687025070e-03
4.015013575553894043e-03
3.884489182382822037e-03
3.798973746597766876e-03
3.952419850975275040e-03
3.911866806447505951e-03
3.894953057169914246e-03
3.990706522017717361e-03
3.904386889189481735e-03
3.999850247055292130e-03
3.870616899803280830e-03
3.853518050163984299e-03
4.068382550030946732e-03
4.067551344633102417e-03
4.076024051755666733e-03
4.105545114725828171e-03
3.967302385717630386e-03
3.956700209528207779e-03
3.992043901234865189e-03
4.082892555743455887e-03
4.083615727722644806e-03
4.050830844789743423e-03
3.831006120890378952e-03
3.891785629093647003e-03
3.967457450926303864e-03
4.170568194240331650e-03
4.027612041682004929e-03
3.993441816419363022e-03
3.911002539098262787e-03
4.014944192022085190e-03
3.962926566600799561e-03
4.025085829198360443e-03
3.992157056927680969e-03
4.050204996019601822e-03
4.023205023258924484e-03
4.078274127095937729e-03
4.112732596695423126e-03
3.846126375719904900e-03
3.858041716739535332e-03
4.020006395876407623e-03
3.924009390175342560e-03
4.094257019460201263e-03
3.900566138327121735e-03
3.912376705557107925e-03
4.064164124429225922e-03
3.823529696092009544e-03
4.044213332235813141e-03
3.906079335138201714e-03
4.100320860743522644e-03
3.995605278760194778e-03
3.939915448427200317e-03
3.957427572458982468e-03
3.897203831002116203e-03
4.035712219774723053e-03
4.047578666359186172e-03
4.162983037531375885e-03
3.894340945407748222e-03
3.797662910073995590e-03
3.944298718124628067e-03
3.882362972944974899e-03
3.973619546741247177e-03
4.026927053928375244e-03
3.790012560784816742e-03
4.002054221928119659e-03
4.000707063823938370e-03
4.198804032057523727e-03
4.042512737214565277e-03
4.050749354064464569e-03
4.076568409800529480e-03
4.161093384027481079e-03
4.002151545137166977e-03
3.950230311602354050e-03
3.891601692885160446e-03
4.077509045600891113e-03
3.973885439336299896e-03
3.869375912472605705e-03
3.827505744993686676e-03
4.237882327288389206e-03
3.953183069825172424e-03
4.108895547688007355e-03
3.999000880867242813e-03
4.117506556212902069e-03
3.798704827204346657e-03
3.844468155875802040e-03
4.134060349315404892e-03
3.847345942631363869e-03
3.981492016464471817e-03
3.884594421833753586e-03
4.026393871754407883e-03
3.843514015898108482e-03
3.963549621403217316e-03
3.909142687916755676e-03
4.230751655995845795e-03
4.068932961672544479e-03
4.145211074501276016e-03
4.310016054660081863e-03
3.959284629672765732e-03
4.047126043587923050e-03
4.015670157968997955e-03
3.646560711786150932e-03
3.858765354380011559e-03
3.938489593565464020e-03
3.995157778263092041e-03
3.976903855800628662e-03
4.064164590090513229e-03
3.881733398884534836e-03
4.000226035714149475e-03
4.081648774445056915e-03
4.047475289553403854e-03
3.979536704719066620e-03
4.109325353056192398e-03
4.247417673468589783e-03
3.994830418378114700e-03
4.018934443593025208e-03
3.803092055022716522e-03
3.903530770912766457e-03
4.035386722534894943e-03
3.896806389093399048e-03
4.032081924378871918e-03
3.917317837476730347e-03
3.907653037458658218e-03
3.851158777251839638e-03
3.935037646442651749e-03
4.008855670690536499e-03
4.158702678978443146e-03
4.053562879562377930e-03
4.047197289764881134e-03
3.924814518541097641e-03
4.006096627563238144e-03
3.786736400797963142e-03
3.842240897938609123e-03
4.071936942636966705e-03
3.938393667340278625e-03
3.975323867052793503e-03
3.878375515341758728e-03
4.025870934128761292e-03
4.174465313553810120e-03
4.241123329848051071e-03
4.079856444150209427e-03
4.162192344665527344e-03
3.963120281696319580e-03
4.073979333043098450e-03
4.004820715636014938e-03
3.946858923882246017e-03
4.023266490548849106e-03
3.997912630438804626e-03
4.049846902489662170e-03
3.985824063420295715e-03
4.173705354332923889e-03
3.946067765355110168e-03
4.235175438225269318e-03
4.016164690256118774e-03
3.947980701923370361e-03
4.079991951584815979e-03
4.212086554616689682e-03
4.043263848870992661e-03
3.813133575022220612e-03
4.048091825097799301e-03
4.019679967314004898e-03
4.075132310390472412e-03
3.968510311096906662e-03
3.954925108700990677e-03
3.958648536354303360e-03
4.083643201738595963e-03
4.316723905503749847e-03
4.127484280616044998e-03
3.964766394346952438e-03
3.994677215814590454e-03
4.009754862636327744e-03
4.190790466964244843e-03
4.044257104396820068e-03
3.789726179093122482e-03
4.042058251798152924e-03
4.036149475723505020e-03
4.027668852359056473e-03
4.016172606498003006e-03
3.882061922922730446e-03
3.945788834244012833e-03
3.862062469124794006e-03
3.862249897792935371e-03
4.033430479466915131e-03
3.914722707122564316e-03
4.078152589499950409e-03
4.144432488828897476e-03
