2.076366916298866272e-03
3.010715823620557785e-03
2.059215446934103966e-03
2.176394220441579819e-03
2.568300813436508179e-03
2.376980381086468697e-03
2.851289231330156326e-03
2.768203616142272949e-03
2.689294749870896339e-03
2.357365563511848450e-03
2.704314654693007469e-03
2.119694137945771217e-03
3.055765759199857712e-03
2.763850614428520203e-03
2.741531236097216606e-03
1.814614748582243919e-03
2.775167580693960190e-03
2.899748971685767174e-03
2.173347165808081627e-03
1.877129194326698780e-03
2.293635392561554909e-03
2.903423737734556198e-03
2.000802429392933846e-03
2.533454680815339088e-03
2.034679520875215530e-03
2.506144810467958450e-03
2.582604764029383659e-03
2.771131228655576706e-03
2.166151301935315132e-03
2.993493806570768356e-03
2.383006969466805458e-03
3.042268799617886543e-03
2.428916748613119125e-03
1.772011397406458855e-03
2.643977059051394463e-03
3.355629974976181984e-03
2.838876564055681229e-03
2.263042144477367401e-03
1.955739688128232956e-03
2.137966686859726906e-03
2.422554418444633484e-03
2.587049966678023338e-03
2.375261858105659485e-03
2.405197825282812119e-03
2.624079119414091110e-03
2.846647985279560089e-03
2.333573764190077782e-03
2.477785339578986168e-03
3.109009237959980965e-03
2.216733992099761963e-03
2.621341031044721603e-03
2.965333638712763786e-03
2.362829400226473808e-03
2.290171338245272636e-03
2.504659583792090416e-03
2.556036226451396942e-03
2.039792947471141815e-03
2.487896941602230072e-03
1.878852723166346550e-03
1.792610273696482182e-03
1.930742291733622551e-03
2.313833218067884445e-03
2.259782748296856880e-03
2.766867168247699738e-03
2.240980509668588638e-03
2.094595925882458687e-03
2.922322833910584450e-03
2.136391820386052132e-03
2.190042985603213310e-03
2.679996192455291748e-03
2.189502818509936333e-03
2.790072467178106308e-03
2.546878531575202942e-03
2.547251293435692787e-03
1.879870542325079441e-03
2.537097083404660225e-03
2.379112644121050835e-03
2.808075631037354469e-03
2.085776999592781067e-03
2.406481653451919556e-03
2.874797210097312927e-03
1.756464480422437191e-03
2.174425637349486351e-03
2.506932243704795837e-03
2.767776837572455406e-03
3.244833322241902351e-03
2.290989737957715988e-03
2.348179696127772331e-03
2.396076684817671776e-03
1.992026343941688538e-03
2.631168346852064133e-03
2.753017004579305649e-03
2.955011790618300438e-03
2.455390524119138718e-03
3.159256884828209877e-03
2.579067833721637726e-03
2.546372124925255775e-03
2.867555944249033928e-03
2.056638477370142937e-03
2.348896116018295288e-03
2.676536096259951591e-03
2.000531647354364395e-03
2.532128943130373955e-03
2.457367489114403725e-03
2.089643385261297226e-03
2.531536156311631203e-03
2.445262391120195389e-03
2.075462136417627335e-03
2.684492385014891624e-03
2.259003464132547379e-03
2.746032085269689560e-03
2.684501698240637779e-03
2.829808974638581276e-03
2.329055452719330788e-03
2.778170397505164146e-03
3.055960871279239655e-03
2.587059047073125839e-03
2.487813588231801987e-03
2.226623706519603729e-03
2.294698264449834824e-03
2.713150810450315475e-03
2.477531787008047104e-03
2.900973893702030182e-03
2.529083751142024994e-03
2.613988239318132401e-03
2.468337072059512138e-03
2.344415988773107529e-03
2.660258673131465912e-03
2.732429420575499535e-03
2.587287453934550285e-03
2.400016877800226212e-03
2.284536603838205338e-03
2.470286795869469643e-03
2.272255718708038330e-03
3.343378426507115364e-03
2.449928084388375282e-03
2.724172547459602356e-03
2.836982021108269691e-03
2.353667980059981346e-03
2.513302722945809364e-03
2.065818989649415016e-03
2.581634325906634331e-03
2.649416681379079819e-03
2.725070575252175331e-03
2.795286476612091064e-03
3.123999340459704399e-03
2.587849972769618034e-03
2.435621572658419609e-03
2.265722723677754402e-03
2.450215397402644157e-03
2.256457461044192314e-03
2.493444364517927170e-03
2.571830758824944496e-03
2.579707419499754906e-03
2.594284480437636375e-03
2.527110511437058449e-03
2.733650617301464081e-03
3.004858037456870079e-03
2.397438511252403259e-03
2.433736110106110573e-03
2.682477002963423729e-03
3.305190941318869591e-03
2.416252624243497849e-03
2.781292889267206192e-03
2.568059135228395462e-03
2.114529022946953773e-03
2.007412957027554512e-03
2.186384750530123711e-03
2.351151080802083015e-03
2.454113448038697243e-03
2.371655777096748352e-03
2.090057125315070152e-03
2.555735642090439796e-03
2.390248700976371765e-03
2.465918892994523048e-03
2.357320394366979599e-03
2.470170846208930016e-03
2.585132839158177376e-03
2.134713344275951385e-03
2.539470791816711426e-03
2.601898740977048874e-03
2.275794278830289841e-03
1.971556106582283974e-03
2.579082967713475227e-03
2.792314626276493073e-03
2.375559881329536438e-03
3.125036833807826042e-03
2.430724678561091423e-03
2.549884608015418053e-03
2.176915062591433525e-03
2.668678993359208107e-03
3.279066411778330803e-03
2.288657007738947868e-03
2.418532036244869232e-03
1.930810976773500443e-03
2.192346379160881042e-03
2.647313289344310760e-03
2.598951337859034538e-03
2.219013869762420654e-03
2.529449993744492531e-03
2.625964581966400146e-03
2.425428247079253197e-03
2.566204406321048737e-03
2.131901215761899948e-03
2.945178188383579254e-03
2.558817621320486069e-03
1.948272460140287876e-03
2.066669985651969910e-03
2.795790554955601692e-03
2.297249622642993927e-03
2.130476059392094612e-03
2.550671342760324478e-03
2.437931252643465996e-03
2.252218779176473618e-03
2.188198035582900047e-03
2.100148471072316170e-03
2.414707792922854424e-03
2.134051639586687088e-03
2.443834673613309860e-03
2.641811966896057129e-03
2.032391959801316261e-03
2.901118714362382889e-03
2.083719940856099129e-03
2.998827258124947548e-03
2.414718270301818848e-03
2.257730811834335327e-03
2.685999497771263123e-03
2.185540506616234779e-03
2.199156209826469421e-03
2.567832591012120247e-03
2.159712603315711021e-03
2.496127737686038017e-03
1.968852477148175240e-03
2.967707114294171333e-03
2.593198558315634727e-03
2.566772745922207832e-03
2.304209629073739052e-03
2.689925488084554672e-03
2.700346056371927261e-03
2.788749989122152328e-03
2.454941626638174057e-03
2.356289653107523918e-03
2.901482861489057541e-03
2.304422901943325996e-03
2.688839565962553024e-03
2.816737862303853035e-03
1.785679720342159271e-03
3.122479422017931938e-03
2.307581482455134392e-03
2.557753585278987885e-03
2.413308247923851013e-03
2.552917227149009705e-03
2.843642141669988632e-03
2.174584427848458290e-03
2.470603445544838905e-03
2.719257492572069168e-03
2.565093571320176125e-03
2.723108511418104172e-03
2.245404990389943123e-03
2.328878967091441154e-03
2.642308361828327179e-03
2.535142004489898682e-03
2.600604901090264320e-03
1.918547204695641994e-03
2.331285504624247551e-03
2.533533144742250443e-03
2.606543479487299919e-03
2.708401763811707497e-03
2.636938355863094330e-03
2.713771536946296692e-03
2.615655306726694107e-03
1.752067124471068382e-03
2.768521662801504135e-03
2.550883684307336807e-03
2.236465923488140106e-03
2.129311673343181610e-03
2.692811889573931694e-03
2.639598445966839790e-03
2.892528427764773369e-03
2.833777805790305138e-03
2.545121824368834496e-03
2.432276261970400810e-03
2.288241405040025711e-03
2.337000099942088127e-03
2.494023647159337997e-03
1.806172076612710953e-03
2.480753697454929352e-03
2.383746439591050148e-03
2.776039997115731239e-03
2.989278640598058701e-03
2.956340322270989418e-03
2.766744699329137802e-03
3.002264769747853279e-03
2.552442019805312157e-03
3.023913130164146423e-03
2.340194303542375565e-03
2.013720571994781494e-03
2.256003674119710922e-03
2.006792463362216949e-03
2.115009352564811707e-03
2.417838200926780701e-03
2.514902036637067795e-03
1.887735794298350811e-03
2.502459567040205002e-03
2.277255058288574219e-03
2.946716034784913063e-03
2.386308507993817329e-03
2.938606543466448784e-03
2.416473114863038063e-03
2.794712316244840622e-03
2.570502227172255516e-03
2.429604064673185349e-03
2.426416380330920219e-03
2.766072051599621773e-03
2.487152814865112305e-03
2.237682929262518883e-03
2.711048582568764687e-03
2.334966557100415230e-03
2.308961469680070877e-03
2.183892298489809036e-03
2.163573168218135834e-03
2.504097297787666321e-03
2.600228646770119667e-03
2.246276242658495903e-03
2.606210764497518539e-03
2.127902349457144737e-03
2.650717040523886681e-03
2.696892013773322105e-03
2.891701646149158478e-03
2.326003275811672211e-03
2.866289578378200531e-03
3.012452274560928345e-03
2.251438098028302193e-03
2.718411386013031006e-03
3.045786172151565552e-03
2.624552464112639427e-03
2.094310009852051735e-03
2.582301851361989975e-03
2.244377974420785904e-03
2.671362832188606262e-03
2.063462976366281509e-03
1.650367747060954571e-03
2.533422317355871201e-03
2.217811997979879379e-03
2.365469466894865036e-03
2.432827139273285866e-03
2.302908571437001228e-03
2.363579114899039268e-03
1.984866103157401085e-03
2.338632475584745407e-03
2.300825202837586403e-03
2.604899462312459946e-03
2.566633513197302818e-03
2.171762753278017044e-03
2.831097692251205444e-03
2.471024869009852409e-03
2.381121739745140076e-03
2.345740329474210739e-03
2.435333328321576118e-03
2.329499460756778717e-03
2.613139105960726738e-03
2.506159245967864990e-03
2.373358700424432755e-03
1.923428615555167198e-03
3.346395911648869514e-03
2.676289994269609451e-03
2.188219921663403511e-03
3.721148474141955376e-03
2.146263374015688896e-03
2.326342975720763206e-03
2.859707921743392944e-03
1.810200512409210205e-03
2.628191141411662102e-03
2.782567637041211128e-03
2.626650268211960793e-03
2.281111897900700569e-03
2.890063449740409851e-03
2.670030808076262474e-03
2.199540613219141960e-03
2.535933395847678185e-03
2.270347904413938522e-03
2.646045293658971786e-03
2.605195390060544014e-03
3.182078013196587563e-03
2.421735087409615517e-03
2.440088195726275444e-03
3.094549756497144699e-03
2.665085950866341591e-03
2.497579436749219894e-03
2.255911473184823990e-03
2.997720846906304359e-03
2.310553565621376038e-03
2.147067571058869362e-03
2.644832478836178780e-03
2.598524559289216995e-03
2.322908723726868629e-03
3.004799596965312958e-03
2.127637621015310287e-03
2.643815474584698677e-03
2.647299086675047874e-03
