2.313706791028380394e-03
2.746634418144822121e-03
2.870708703994750977e-03
2.373025752604007721e-03
2.439435338601469994e-03
2.362406579777598381e-03
2.317567588761448860e-03
3.064122283831238747e-03
2.670495305210351944e-03
2.222031122073531151e-03
2.588516334071755409e-03
2.538609318435192108e-03
2.706606406718492508e-03
2.139256568625569344e-03
2.152116969227790833e-03
2.091543748974800110e-03
2.469839993864297867e-03
2.635201206430792809e-03
2.826541895046830177e-03
2.198787406086921692e-03
2.310551702976226807e-03
2.473435830324888229e-03
2.644953317940235138e-03
2.610622439533472061e-03
2.588297938928008080e-03
2.791445236653089523e-03
2.503770869225263596e-03
2.698713913559913635e-03
2.166736871004104614e-03
2.342315623536705971e-03
2.092242240905761719e-03
2.752999076619744301e-03
2.943381899967789650e-03
2.431233879178762436e-03
2.597257262095808983e-03
2.136844443157315254e-03
2.639397513121366501e-03
2.098713768646121025e-03
2.165577840059995651e-03
2.313461853191256523e-03
2.577091334387660027e-03
2.168989507481455803e-03
2.258389489725232124e-03
2.242201473563909531e-03
2.416304778307676315e-03
2.183873206377029419e-03
2.998379059135913849e-03
2.546626841649413109e-03
2.612928859889507294e-03
2.549151889979839325e-03
2.278056228533387184e-03
2.639768412336707115e-03
3.149674972519278526e-03
2.831873716786503792e-03
2.744327299296855927e-03
2.319892635568976402e-03
2.197148511186242104e-03
2.496182685717940331e-03
2.790626604110002518e-03
2.187424339354038239e-03
2.298453357070684433e-03
2.021062187850475311e-03
2.873829798772931099e-03
2.593605080619454384e-03
2.287368522956967354e-03
2.783387666568160057e-03
2.535696141421794891e-03
2.435026457533240318e-03
2.601565793156623840e-03
2.851088298484683037e-03
2.289759926497936249e-03
2.234309213235974312e-03
2.722889417782425880e-03
1.822007121518254280e-03
2.771642291918396950e-03
2.676334232091903687e-03
2.581118373200297356e-03
2.636407734826207161e-03
2.925027161836624146e-03
2.462346572428941727e-03
2.573789563030004501e-03
2.405108883976936340e-03
2.735447837039828300e-03
2.792977262288331985e-03
2.076532458886504173e-03
2.247682772576808929e-03
2.480149501934647560e-03
2.882460365071892738e-03
2.527947537600994110e-03
2.295196987688541412e-03
2.465080702677369118e-03
2.657998120412230492e-03
2.366068540140986443e-03
2.662778832018375397e-03
2.540466608479619026e-03
2.269563497975468636e-03
2.812247956171631813e-03
2.233672887086868286e-03
1.950293430127203465e-03
2.440073061734437943e-03
2.664727158844470978e-03
2.455445239320397377e-03
2.263708738610148430e-03
2.453643828630447388e-03
2.337707905098795891e-03
2.070693764835596085e-03
2.449501072987914085e-03
2.439583651721477509e-03
2.730652224272489548e-03
2.627938520163297653e-03
2.792085055261850357e-03
2.109940396621823311e-03
2.755346009507775307e-03
2.423956757411360741e-03
2.626160858199000359e-03
2.387208165600895882e-03
2.786174416542053223e-03
2.516550477594137192e-03
2.758598886430263519e-03
2.021709224209189415e-03
2.356465440243482590e-03
2.425439422950148582e-03
2.611189149320125580e-03
1.996947685256600380e-03
2.686995780095458031e-03
2.456406597048044205e-03
2.320462604984641075e-03
2.981407800689339638e-03
2.802422968670725822e-03
2.265573479235172272e-03
2.480515278875827789e-03
2.381093567237257957e-03
2.464677672833204269e-03
2.456331858411431313e-03
2.686265157535672188e-03
2.630312927067279816e-03
3.028758103027939796e-03
2.443781122565269470e-03
2.818343695253133774e-03
2.619284205138683319e-03
2.696976531296968460e-03
2.461596857756376266e-03
2.899493090808391571e-03
2.470086794346570969e-03
2.979415701702237129e-03
1.956196036189794540e-03
2.377050463110208511e-03
2.435695379972457886e-03
2.792519750073552132e-03
2.230772981420159340e-03
1.989342272281646729e-03
2.223268616944551468e-03
2.342322608456015587e-03
2.876203274354338646e-03
2.466770354658365250e-03
2.899409271776676178e-03
2.272979123517870903e-03
2.222111215814948082e-03
2.709266729652881622e-03
2.374053234234452248e-03
2.414103597402572632e-03
2.544897608458995819e-03
2.448183018714189529e-03
2.129503525793552399e-03
2.390134846791625023e-03
2.545997034758329391e-03
2.587711904197931290e-03
2.051017945632338524e-03
2.485996345058083534e-03
2.424470847472548485e-03
2.697278978303074837e-03
2.631170209497213364e-03
2.902278443798422813e-03
2.388875931501388550e-03
2.426587510854005814e-03
2.498215064406394958e-03
2.842774381861090660e-03
2.755535533651709557e-03
2.087135333567857742e-03
2.473900094628334045e-03
2.744722412899136543e-03
2.201405586674809456e-03
2.541145775467157364e-03
2.650826936587691307e-03
2.681302372366189957e-03
2.528140088543295860e-03
2.450833097100257874e-03
2.500933362171053886e-03
2.257847227156162262e-03
2.809876576066017151e-03
2.239987254142761230e-03
2.392281079664826393e-03
2.855784725397825241e-03
1.969235483556985855e-03
2.765156794339418411e-03
2.455164445564150810e-03
2.431198954582214355e-03
2.262325491756200790e-03
2.602604916319251060e-03
2.295080339536070824e-03
1.954680075868964195e-03
2.531059784814715385e-03
2.507973928004503250e-03
1.919570262543857098e-03
2.301085041835904121e-03
2.795425243675708771e-03
2.601798623800277710e-03
2.766991266980767250e-03
2.274787286296486855e-03
2.326809568330645561e-03
2.468301914632320404e-03
2.209216589108109474e-03
2.627490786835551262e-03
2.887641778215765953e-03
2.930214628577232361e-03
2.613511169329285622e-03
2.492468105629086494e-03
2.665311330929398537e-03
2.372164046391844749e-03
2.943726722151041031e-03
2.854195190593600273e-03
2.883713459596037865e-03
2.503514289855957031e-03
2.424694132059812546e-03
2.107944805175065994e-03
2.268884330987930298e-03
2.279080683365464211e-03
2.072057686746120453e-03
2.242808928713202477e-03
2.430958440527319908e-03
2.136253286153078079e-03
2.634530887007713318e-03
2.464700723066926003e-03
2.571176039054989815e-03
2.146675018593668938e-03
2.517299493774771690e-03
2.933761104941368103e-03
2.509627258405089378e-03
2.306661568582057953e-03
2.580256434157490730e-03
2.567677292972803116e-03
2.351627452298998833e-03
2.705962862819433212e-03
2.317703794687986374e-03
2.469896804541349411e-03
2.088130917400121689e-03
2.178775146603584290e-03
2.538928762078285217e-03
2.455455716699361801e-03
2.506311284378170967e-03
2.637890633195638657e-03
2.440850948914885521e-03
2.454533241689205170e-03
2.504135016351938248e-03
2.546947915107011795e-03
2.499209018424153328e-03
2.287750830873847008e-03
2.722330857068300247e-03
2.357401186600327492e-03
2.406392246484756470e-03
2.952911192551255226e-03
2.841855166479945183e-03
2.361666876822710037e-03
2.915985183790326118e-03
2.055763034150004387e-03
2.677242038771510124e-03
2.399620600044727325e-03
2.646972890943288803e-03
2.599667059257626534e-03
2.924312371760606766e-03
2.703659469261765480e-03
2.289250725880265236e-03
2.211200771853327751e-03
2.597399521619081497e-03
2.226053504273295403e-03
2.236909465864300728e-03
2.077878220006823540e-03
2.450531581416726112e-03
2.306893002241849899e-03
2.271945588290691376e-03
2.505634911358356476e-03
3.190480405464768410e-03
2.508933423087000847e-03
2.770613646134734154e-03
2.459230367094278336e-03
3.178693354129791260e-03
2.626823261380195618e-03
2.480579307302832603e-03
2.529149409383535385e-03
2.368065295740962029e-03
2.758117159828543663e-03
2.373442752286791801e-03
2.572262426838278770e-03
2.559237880632281303e-03
2.242060378193855286e-03
2.497486304491758347e-03
2.510910155251622200e-03
2.596838632598519325e-03
2.863882575184106827e-03
2.207795390859246254e-03
2.462887205183506012e-03
2.308913273736834526e-03
2.454439876601099968e-03
2.373350551351904869e-03
2.515716943889856339e-03
2.346856752410531044e-03
2.218720968812704086e-03
2.864962210878729820e-03
2.720874268561601639e-03
2.246219431981444359e-03
2.143346937373280525e-03
2.242883434519171715e-03
2.544966526329517365e-03
2.615813631564378738e-03
2.488715108484029770e-03
2.305954229086637497e-03
2.407661406323313713e-03
2.430464141070842743e-03
2.777517540380358696e-03
2.382917562499642372e-03
2.731978194788098335e-03
2.671997062861919403e-03
2.461680909618735313e-03
2.419529482722282410e-03
2.574385376647114754e-03
2.572209108620882034e-03
2.622717292979359627e-03
2.247703494504094124e-03
2.645803615450859070e-03
2.375184325501322746e-03
2.891166601330041885e-03
2.694471273571252823e-03
2.289462601765990257e-03
2.726435894146561623e-03
2.597219543531537056e-03
2.244234783574938774e-03
2.785344840958714485e-03
2.221052069216966629e-03
2.700412413105368614e-03
2.499134745448827744e-03
2.601237501949071884e-03
2.609878079965710640e-03
1.984796952456235886e-03
2.670346759259700775e-03
2.591176424175500870e-03
2.525539603084325790e-03
3.018767340108752251e-03
2.576395170763134956e-03
2.356985118240118027e-03
2.442918950691819191e-03
2.240199362859129906e-03
2.882733009755611420e-03
2.649649046361446381e-03
2.388425404205918312e-03
2.671277383342385292e-03
2.685450250282883644e-03
2.654639771208167076e-03
2.566584385931491852e-03
2.469079801812767982e-03
2.681497950106859207e-03
2.279756590723991394e-03
2.484519733116030693e-03
2.041212515905499458e-03
1.961925067007541656e-03
2.133304718881845474e-03
2.761276904493570328e-03
2.512908307835459709e-03
3.024182748049497604e-03
2.287836512550711632e-03
2.321573672816157341e-03
2.804680494591593742e-03
2.800678135827183723e-03
2.957518212497234344e-03
2.268952317535877228e-03
2.215219661593437195e-03
2.554274164140224457e-03
2.803723327815532684e-03
2.539679873734712601e-03
2.469767816364765167e-03
2.633682219311594963e-03
2.006312832236289978e-03
2.568215830251574516e-03
2.707760781049728394e-03
3.241747384890913963e-03
2.618907485157251358e-03
2.883712295442819595e-03
2.383128507062792778e-03
2.042193664237856865e-03
3.160395426675677299e-03
2.891480457037687302e-03
2.939299913123250008e-03
2.570984186604619026e-03
2.236695494502782822e-03
2.362286439165472984e-03
2.310242271050810814e-03
2.579003106802701950e-03
1.940773800015449524e-03
2.183704636991024017e-03
2.492578467354178429e-03
2.628536196425557137e-03
