2.556163351982831955e-03
2.463617129251360893e-03
2.535580424591898918e-03
2.558768959715962410e-03
2.505619544535875320e-03
2.596801379695534706e-03
2.493061590939760208e-03
2.593873068690299988e-03
2.485612407326698303e-03
2.448318060487508774e-03
2.431645756587386131e-03
2.557673957198858261e-03
2.545416355133056641e-03
2.555384766310453415e-03
2.488032914698123932e-03
2.502448856830596924e-03
2.543434267863631248e-03
2.529284451156854630e-03
2.518365625292062759e-03
2.516282256692647934e-03
2.573609119281172752e-03
2.539669629186391830e-03
2.423752332106232643e-03
2.492022700607776642e-03
2.558864885941147804e-03
2.507545053958892822e-03
2.490186598151922226e-03
2.401875099167227745e-03
2.513657789677381516e-03
2.555693034082651138e-03
2.466626232489943504e-03
2.607085276395082474e-03
2.509271726012229919e-03
2.430719323456287384e-03
2.485656645148992538e-03
2.542794914916157722e-03
2.406393876299262047e-03
2.350850263610482216e-03
2.511102007701992989e-03
2.536639804020524025e-03
2.602693159133195877e-03
2.427986823022365570e-03
2.434292808175086975e-03
2.530048135668039322e-03
2.367193810641765594e-03
2.414336893707513809e-03
2.501580631360411644e-03
2.479309914633631706e-03
2.588095841929316521e-03
2.583961933851242065e-03
2.631909446790814400e-03
2.392966765910387039e-03
2.473320346325635910e-03
2.508963458240032196e-03
2.429524436593055725e-03
2.467817394062876701e-03
2.440147567540407181e-03
2.562810666859149933e-03
2.468339167535305023e-03
2.493970328941941261e-03
2.583818277344107628e-03
2.402946818619966507e-03
2.451036591082811356e-03
2.621454652398824692e-03
2.470712643116712570e-03
2.356567187234759331e-03
2.566903829574584961e-03
2.523598494008183479e-03
2.542681293562054634e-03
2.470396226271986961e-03
2.395500661805272102e-03
2.439341042190790176e-03
2.490110229700803757e-03
2.521206391975283623e-03
2.516133710741996765e-03
2.500139409676194191e-03
2.414499176666140556e-03
2.461384981870651245e-03
2.504716161638498306e-03
2.371798502281308174e-03
2.491071587428450584e-03
2.568704541772603989e-03
2.562262350693345070e-03
2.626796718686819077e-03
2.400610130280256271e-03
2.532666781917214394e-03
2.517630346119403839e-03
2.376119373366236687e-03
2.478830749168992043e-03
2.463236683979630470e-03
2.559004817157983780e-03
2.548106713220477104e-03
2.354877768084406853e-03
2.435739850625395775e-03
2.569308737292885780e-03
2.499325899407267570e-03
2.450068946927785873e-03
2.519109752029180527e-03
2.587252994999289513e-03
2.610508585348725319e-03
2.603721339255571365e-03
2.604064764454960823e-03
2.404632745310664177e-03
2.364896237850189209e-03
2.524190349504351616e-03
2.438325434923171997e-03
2.424288075417280197e-03
2.647673944011330605e-03
2.596828155219554901e-03
2.505727345123887062e-03
2.532432787120342255e-03
2.523978240787982941e-03
2.375688171014189720e-03
2.525916090235114098e-03
2.461534459143877029e-03
2.480516210198402405e-03
2.487367950379848480e-03
2.548116492107510567e-03
2.521559828892350197e-03
2.520682523027062416e-03
2.484646625816822052e-03
2.373181283473968506e-03
2.488102065399289131e-03
2.544387942180037498e-03
2.442229306325316429e-03
2.640073187649250031e-03
2.584093948826193810e-03
2.579138148576021194e-03
2.498425077646970749e-03
2.435430651530623436e-03
2.497607376426458359e-03
2.545889932662248611e-03
2.504956442862749100e-03
2.482802839949727058e-03
2.574817510321736336e-03
2.594708697870373726e-03
2.680034376680850983e-03
2.500576432794332504e-03
2.481908537447452545e-03
2.534087048843502998e-03
2.620982937514781952e-03
2.445752033963799477e-03
2.475312212482094765e-03
2.583664143458008766e-03
2.475039334967732430e-03
2.518969587981700897e-03
2.440991578623652458e-03
2.478839596733450890e-03
2.564686816185712814e-03
2.502808813005685806e-03
2.452893881127238274e-03
2.358124125748872757e-03
2.468213206157088280e-03
2.444646088406443596e-03
2.531233942136168480e-03
2.546891104429960251e-03
2.479813992977142334e-03
2.520570065826177597e-03
2.346599474549293518e-03
2.584553789347410202e-03
2.493343548849225044e-03
2.524413634091615677e-03
2.549659926444292068e-03
2.412630012258887291e-03
2.492931438609957695e-03
2.435551956295967102e-03
2.517340704798698425e-03
2.470584120601415634e-03
2.507646335288882256e-03
2.483921824023127556e-03
2.545828698202967644e-03
2.506357617676258087e-03
2.469951054081320763e-03
2.412981353700160980e-03
2.519970061257481575e-03
2.524334704503417015e-03
2.464735414832830429e-03
2.611230360344052315e-03
2.378490287810564041e-03
2.434300724416971207e-03
2.494602231308817863e-03
2.528645331040024757e-03
2.564511960372328758e-03
2.450929954648017883e-03
2.633782802149653435e-03
2.397086005657911301e-03
2.386511303484439850e-03
2.576733008027076721e-03
2.567761577665805817e-03
2.541582100093364716e-03
2.378705423325300217e-03
2.587956376373767853e-03
2.458156784996390343e-03
2.503454452380537987e-03
2.532317535951733589e-03
2.574448473751544952e-03
2.523490227758884430e-03
2.538391854614019394e-03
2.495906082913279533e-03
2.555472543463110924e-03
2.488570986315608025e-03
2.549300668761134148e-03
2.486481331288814545e-03
2.606504131108522415e-03
2.510236110538244247e-03
2.439647447317838669e-03
2.528702607378363609e-03
2.575004240497946739e-03
2.421422163024544716e-03
2.544659888371825218e-03
2.467545680701732635e-03
2.459361217916011810e-03
2.409618813544511795e-03
2.580347238108515739e-03
2.612113486975431442e-03
2.511716214939951897e-03
2.544918330386281013e-03
2.478021197021007538e-03
2.466439036652445793e-03
2.573552075773477554e-03
2.467446029186248779e-03
2.692584646865725517e-03
2.518654800951480865e-03
2.508067991584539413e-03
2.503415104001760483e-03
2.466928912326693535e-03
2.498394576832652092e-03
2.516734646633267403e-03
2.534482628107070923e-03
2.648602472618222237e-03
2.380801364779472351e-03
2.488610567525029182e-03
2.497999230399727821e-03
2.498893765732645988e-03
2.564075402915477753e-03
2.551928395405411720e-03
2.338459482416510582e-03
2.465626224875450134e-03
2.425957238301634789e-03
2.541504800319671631e-03
2.599070779979228973e-03
2.572981407865881920e-03
2.425274578854441643e-03
2.457401482388377190e-03
2.484454773366451263e-03
2.536164829507470131e-03
2.453927183523774147e-03
2.449760213494300842e-03
2.531690057367086411e-03
2.713299356400966644e-03
2.544119954109191895e-03
2.498572692275047302e-03
2.538104774430394173e-03
2.561689820140600204e-03
2.514278516173362732e-03
2.541258931159973145e-03
2.558515872806310654e-03
2.534151077270507812e-03
2.520290203392505646e-03
2.398372394964098930e-03
2.403510501608252525e-03
2.529136370867490768e-03
2.491907449439167976e-03
2.569759497418999672e-03
2.429714892059564590e-03
2.571302931755781174e-03
2.508977428078651428e-03
2.556675812229514122e-03
2.432518871501088142e-03
2.402799436822533607e-03
2.555115381255745888e-03
2.475340617820620537e-03
2.521053655073046684e-03
2.457392867654561996e-03
2.459415933117270470e-03
2.517247572541236877e-03
2.530867001041769981e-03
2.562119858339428902e-03
2.597075188532471657e-03
2.504933159798383713e-03
2.534355036914348602e-03
2.444428158923983574e-03
2.414546208456158638e-03
2.413693349808454514e-03
2.493890933692455292e-03
2.523376373574137688e-03
2.546073636040091515e-03
2.379712415859103203e-03
2.412997884675860405e-03
2.408354310318827629e-03
2.415389288216829300e-03
2.539444714784622192e-03
2.518619643524289131e-03
2.467563608661293983e-03
2.500277245417237282e-03
2.459928626194596291e-03
2.475186018273234367e-03
2.462998032569885254e-03
2.490983344614505768e-03
2.540259622037410736e-03
2.468297025188803673e-03
2.477797679603099823e-03
2.508752513676881790e-03
2.537855878472328186e-03
2.517780521884560585e-03
2.560931490734219551e-03
2.486567711457610130e-03
2.532647456973791122e-03
2.456652233377099037e-03
2.425082493573427200e-03
2.595783211290836334e-03
2.502745250239968300e-03
2.453654073178768158e-03
2.513298299163579941e-03
2.551905112341046333e-03
2.486519282683730125e-03
2.536908723413944244e-03
2.441636985167860985e-03
2.519730012863874435e-03
2.417402574792504311e-03
2.534412546083331108e-03
2.435334725305438042e-03
2.612446900457143784e-03
2.510262420400977135e-03
2.500006696209311485e-03
2.529666060581803322e-03
2.485300647094845772e-03
2.596035134047269821e-03
2.501851879060268402e-03
2.439946634694933891e-03
2.482242649421095848e-03
2.485507866367697716e-03
2.421505982056260109e-03
2.368911169469356537e-03
2.504388103261590004e-03
2.432403853163123131e-03
2.524718409404158592e-03
2.565160393714904785e-03
2.436418551951646805e-03
2.545619849115610123e-03
2.451600041240453720e-03
2.521035028621554375e-03
2.502549672499299049e-03
2.609911374747753143e-03
2.478933660313487053e-03
2.400539116933941841e-03
2.502499381080269814e-03
2.467817859724164009e-03
2.460321877151727676e-03
2.466391073539853096e-03
2.450872678309679031e-03
2.548801712691783905e-03
2.498366869986057281e-03
2.345331478863954544e-03
2.390736248344182968e-03
2.481649629771709442e-03
2.598261460661888123e-03
2.452725311741232872e-03
2.464919816702604294e-03
2.502011600881814957e-03
2.539279637858271599e-03
2.488381695002317429e-03
2.531839767470955849e-03
2.498761517927050591e-03
2.692320616915822029e-03
2.427609404549002647e-03
2.489926293492317200e-03
2.300702035427093506e-03
2.420085249468684196e-03
2.445665420964360237e-03
2.597484039142727852e-03
2.516384702175855637e-03
2.637329278513789177e-03
2.491107443347573280e-03
2.399769145995378494e-03
2.404888160526752472e-03
2.467948710545897484e-03
2.516200533136725426e-03
2.427393337711691856e-03
2.544029150158166885e-03
2.523971954360604286e-03
2.521589631214737892e-03
2.515562810003757477e-03
2.526583848521113396e-03
2.576025202870368958e-03
2.472669817507266998e-03
2.405699808150529861e-03
2.474228385835886002e-03
2.528025768697261810e-03
2.559426007792353630e-03
2.472767373546957970e-03
2.479198621585965157e-03
2.543922513723373413e-03
2.483971184119582176e-03
2.497807843610644341e-03
2.479363931342959404e-03
2.503747818991541862e-03
2.414425136521458626e-03
2.493379637598991394e-03
2.544141840189695358e-03
