-1.336479999999999890e-01 5.151509000000000071e+01
-1.644390000000000018e-01 5.149911999999999779e+01
1.315599999999999929e-02 5.140602499999999964e+01
-9.823400000000000187e-02 5.137616500000000030e+01
-3.415000000000000258e-01 5.152502599999999688e+01
-2.244750000000000079e-01 5.150520300000000162e+01
-1.089429999999999982e-01 5.159648200000000173e+01
-3.419949999999999934e-01 5.158055900000000094e+01
1.783190000000000053e-01 5.157707599999999815e+01
-4.796110000000000095e-01 5.154849999999999710e+01
-3.731490000000000085e-01 5.146092199999999650e+01
-3.006889999999999841e-01 5.141232999999999720e+01
7.625099999999999933e-02 5.155661899999999775e+01
-1.939609999999999945e-01 5.136142799999999653e+01
7.576600000000000001e-02 5.153656300000000101e+01
-2.620339999999999892e-01 5.161578599999999994e+01
1.382200000000000095e-01 5.145334100000000177e+01
-3.048409999999999731e-01 5.155050099999999702e+01
-1.911349999999999993e-01 5.153707599999999900e+01
9.421400000000000607e-02 5.137484299999999848e+01
-1.425549999999999873e-01 5.153901100000000213e+01
-3.772320000000000118e-01 5.151107300000000322e+01
-8.071200000000000596e-02 5.165229899999999930e+01
5.263899999999999829e-02 5.145116900000000015e+01
6.758799999999999530e-02 5.148947499999999877e+01
-7.011299999999999477e-02 5.154762300000000153e+01
-2.016820000000000002e-01 5.147734299999999763e+01
-2.237310000000000132e-01 5.149118800000000107e+01
-2.671729999999999938e-01 5.148762700000000336e+01
-1.062300000000000050e-01 5.153440299999999752e+01
-6.846299999999999608e-02 5.151691799999999688e+01
-1.964990000000000070e-01 5.149976600000000104e+01
-1.745649999999999979e-01 5.148506900000000286e+01
-1.156149999999999956e-01 5.146127899999999755e+01
-1.240580000000000016e-01 5.142787100000000322e+01
-2.010599999999999887e-02 5.144464099999999718e+01
-1.170099999999999960e-02 5.144145799999999724e+01
-2.206289999999999918e-01 5.141833900000000313e+01
5.547200000000000047e-02 5.152873699999999957e+01
-3.370999999999999865e-03 5.155017399999999839e+01
-3.037420000000000120e-01 5.146131100000000202e+01
-6.913700000000000401e-02 5.147419099999999759e+01
-2.353299999999999836e-02 5.150543100000000152e+01
-1.734399999999999831e-02 5.159017699999999707e+01
-1.708109999999999906e-01 5.146517399999999753e+01
-2.171800000000000119e-01 5.146057400000000115e+01
-1.680750000000000022e-01 5.142084499999999991e+01
-1.817819999999999991e-01 5.145707199999999659e+01
-1.880050000000000054e-01 5.151462800000000186e+01
