4.745000000000000107e+00
1.385999999999999899e+00
1.147000000000000020e+00
1.808000000000000052e+00
8.870000000000000107e-01
1.411000000000000032e+00
7.740000000000000213e-01
7.459999999999999964e-01
1.542999999999999927e+00
7.940000000000000391e-01
7.119999999999999662e-01
1.491999999999999993e+00
8.419999999999999707e-01
9.619999999999999662e-01
3.499999999999999778e-01
3.230000000000000093e-01
4.949999999999999956e-01
2.839999999999999747e-01
3.609999999999999876e-01
3.920000000000000151e-01
4.540000000000000147e-01
2.800000000000000266e-01
5.050000000000000044e-01
3.549999999999999822e-01
4.829999999999999849e-01
3.039999999999999925e-01
2.810000000000000275e-01
3.150000000000000022e-01
3.420000000000000262e-01
3.990000000000000213e-01
4.209999999999999853e-01
4.969999999999999973e-01
5.330000000000000293e-01
4.520000000000000129e-01
3.980000000000000204e-01
2.859999999999999765e-01
6.400000000000000133e-01
5.330000000000000293e-01
3.459999999999999742e-01
1.556999999999999940e+00
4.430000000000000049e-01
5.470000000000000417e-01
4.590000000000000191e-01
5.789999999999999591e-01
3.820000000000000062e-01
3.599999999999999867e-01
3.800000000000000044e-01
4.099999999999999756e-01
2.730000000000000204e-01
