1.368697357793930980e-01
3.997923156801660993e-02
3.308526595130956843e-02
5.215184031383408858e-02
2.558555440175377949e-02
4.070035767855082615e-02
2.232606438213914982e-02
2.151840313834083376e-02
4.450790354217145500e-02
2.290296527056651793e-02
2.053767162801430762e-02
4.303680627668166753e-02
2.428752740279219863e-02
2.774893273335640731e-02
1.009576554747894199e-02
9.316949348101996597e-03
1.427829698857736342e-02
8.191992615668627561e-03
1.041306103611399497e-02
1.130725741317641780e-02
1.309565016730125826e-02
8.076612437983155326e-03
1.456674743279104747e-02
1.023999076958578489e-02
1.393215645552094151e-02
8.768893504095995675e-03
8.105457482404524253e-03
9.086188992731048658e-03
9.865005192107997520e-03
1.150917272412599682e-02
1.214376370139609931e-02
1.433598707742009953e-02
1.537440867658936353e-02
1.303796007845852215e-02
1.148032767970462789e-02
8.249682704511363679e-03
1.846082842967578311e-02
1.537440867658936353e-02
9.980385369793469755e-03
4.491173416407061303e-02
1.277835467866620528e-02
1.577823929848852155e-02
1.323987538940810116e-02
1.670128071997230637e-02
1.101880696896273201e-02
1.038421599169262778e-02
1.096111688011999589e-02
1.182646821276104807e-02
7.874697127033576313e-03
