3.092640211272500161e-03
1.250955591076516934e-03
9.729654597261798736e-04
1.250955591076516934e-03
1.007714226144971938e-03
1.111960525401348458e-03
1.042462992563764112e-03
1.007714226144971938e-03
1.042462992563764112e-03
1.007714226144971938e-03
1.146709291820140631e-03
9.382166933073877004e-04
8.687191604698033540e-04
9.729654597261798736e-04
1.077211758982556285e-03
1.042462992563764112e-03
1.077211758982556285e-03
1.111960525401348458e-03
1.772187087358398881e-03
1.424699423170477583e-03
2.397664882896657131e-03
1.876433386614775401e-03
1.945930919452359747e-03
1.945930919452359747e-03
2.050177218708735833e-03
1.737438320939606708e-03
2.189172284383904526e-03
2.571408714990618214e-03
1.980679685871151487e-03
1.772187087358398881e-03
2.084925985127528223e-03
2.189172284383904526e-03
2.223921050802696916e-03
1.980679685871151487e-03
2.084925985127528223e-03
1.772187087358398881e-03
2.119674751546320179e-03
1.737438320939606708e-03
1.945930919452359747e-03
1.250955591076516934e-03
1.250955591076516934e-03
1.250955591076516934e-03
1.285704357495309107e-03
1.250955591076516934e-03
1.355201890332893453e-03
1.007714226144971938e-03
1.389950656751685627e-03
1.250955591076516934e-03
1.285704357495309107e-03
1.146709291820140631e-03
1.285704357495309107e-03
1.216206824657724761e-03
1.181458058238932804e-03
1.355201890332893453e-03
1.077211758982556285e-03
1.146709291820140631e-03
1.459448189589269756e-03
1.146709291820140631e-03
1.459448189589269756e-03
1.111960525401348458e-03
1.077211758982556285e-03
1.459448189589269756e-03
1.598443255264438232e-03
1.007714226144971938e-03
1.355201890332893453e-03
1.181458058238932804e-03
1.355201890332893453e-03
1.528945722426854103e-03
1.216206824657724761e-03
1.945930919452359747e-03
1.737438320939606708e-03
1.216206824657724761e-03
1.355201890332893453e-03
1.945930919452359747e-03
1.216206824657724761e-03
1.181458058238932804e-03
1.285704357495309107e-03
1.389950656751685627e-03
1.146709291820140631e-03
1.077211758982556285e-03
1.424699423170477583e-03
2.189172284383904526e-03
1.216206824657724761e-03
2.050177218708735833e-03
2.501911182153033868e-03
1.945930919452359747e-03
2.258669817221488872e-03
2.223921050802696916e-03
2.710403780665786907e-03
1.667940788102022578e-03
1.598443255264438232e-03
1.633192021683230405e-03
6.602265619570506401e-04
2.050177218708735833e-03
2.084925985127528223e-03
2.154423517965112569e-03
1.077211758982556285e-03
1.841684620195983228e-03
2.119674751546320179e-03
1.980679685871151487e-03
1.980679685871151487e-03
1.528945722426854103e-03
1.980679685871151487e-03
2.501911182153033868e-03
1.633192021683230405e-03
2.154423517965112569e-03
1.528945722426854103e-03
1.876433386614775401e-03
2.432413649315449521e-03
1.424699423170477583e-03
2.536659948571825824e-03
1.528945722426854103e-03
1.737438320939606708e-03
2.050177218708735833e-03
1.772187087358398881e-03
1.598443255264438232e-03
1.250955591076516934e-03
1.598443255264438232e-03
1.494196956008061929e-03
2.501911182153033868e-03
2.050177218708735833e-03
2.119674751546320179e-03
1.598443255264438232e-03
1.528945722426854103e-03
1.702689554520814535e-03
1.563694488845646059e-03
1.737438320939606708e-03
2.189172284383904526e-03
2.501911182153033868e-03
7.992216276322191160e-04
1.633192021683230405e-03
1.911182153033567574e-03
8.339703940510112892e-04
1.633192021683230405e-03
1.945930919452359747e-03
1.702689554520814535e-03
1.806935853777191054e-03
1.528945722426854103e-03
1.633192021683230405e-03
2.084925985127528223e-03
1.702689554520814535e-03
1.841684620195983228e-03
1.876433386614775401e-03
1.494196956008061929e-03
1.772187087358398881e-03
1.772187087358398881e-03
1.806935853777191054e-03
9.382166933073877004e-04
2.223921050802696916e-03
1.945930919452359747e-03
1.945930919452359747e-03
1.841684620195983228e-03
1.494196956008061929e-03
1.355201890332893453e-03
2.119674751546320179e-03
1.459448189589269756e-03
9.729654597261798736e-04
1.980679685871151487e-03
1.320453123914101280e-03
1.389950656751685627e-03
1.216206824657724761e-03
9.729654597261798736e-04
1.424699423170477583e-03
1.702689554520814535e-03
7.992216276322191160e-04
9.382166933073877004e-04
2.328167350059073219e-03
1.945930919452359747e-03
1.459448189589269756e-03
1.702689554520814535e-03
1.528945722426854103e-03
1.737438320939606708e-03
1.320453123914101280e-03
1.285704357495309107e-03
1.494196956008061929e-03
1.841684620195983228e-03
1.250955591076516934e-03
1.841684620195983228e-03
1.216206824657724761e-03
1.285704357495309107e-03
1.633192021683230405e-03
1.216206824657724761e-03
1.424699423170477583e-03
1.841684620195983228e-03
1.633192021683230405e-03
1.911182153033567574e-03
1.146709291820140631e-03
1.320453123914101280e-03
1.841684620195983228e-03
1.424699423170477583e-03
2.258669817221488872e-03
1.667940788102022578e-03
1.494196956008061929e-03
1.667940788102022578e-03
1.424699423170477583e-03
1.181458058238932804e-03
1.598443255264438232e-03
2.814650079922163210e-03
1.563694488845646059e-03
1.494196956008061929e-03
2.362916116477865609e-03
1.459448189589269756e-03
1.563694488845646059e-03
1.772187087358398881e-03
1.528945722426854103e-03
2.119674751546320179e-03
1.841684620195983228e-03
1.355201890332893453e-03
1.459448189589269756e-03
1.737438320939606708e-03
1.945930919452359747e-03
1.980679685871151487e-03
1.494196956008061929e-03
1.459448189589269756e-03
1.841684620195983228e-03
2.015428452289943877e-03
1.077211758982556285e-03
1.424699423170477583e-03
1.355201890332893453e-03
1.181458058238932804e-03
1.598443255264438232e-03
1.077211758982556285e-03
1.667940788102022578e-03
1.563694488845646059e-03
1.216206824657724761e-03
1.911182153033567574e-03
1.806935853777191054e-03
1.911182153033567574e-03
8.687191604698033540e-04
1.633192021683230405e-03
1.494196956008061929e-03
1.598443255264438232e-03
1.841684620195983228e-03
1.633192021683230405e-03
1.320453123914101280e-03
1.980679685871151487e-03
1.737438320939606708e-03
2.223921050802696916e-03
1.563694488845646059e-03
1.772187087358398881e-03
1.216206824657724761e-03
1.702689554520814535e-03
1.494196956008061929e-03
1.320453123914101280e-03
2.293418583640281262e-03
1.876433386614775401e-03
1.563694488845646059e-03
2.015428452289943877e-03
1.667940788102022578e-03
1.737438320939606708e-03
1.250955591076516934e-03
1.111960525401348458e-03
1.320453123914101280e-03
1.459448189589269756e-03
1.737438320939606708e-03
1.389950656751685627e-03
1.355201890332893453e-03
1.216206824657724761e-03
9.729654597261798736e-04
1.320453123914101280e-03
1.146709291820140631e-03
1.563694488845646059e-03
9.382166933073877004e-04
1.494196956008061929e-03
1.389950656751685627e-03
1.146709291820140631e-03
1.285704357495309107e-03
1.181458058238932804e-03
1.216206824657724761e-03
8.339703940510112892e-04
9.729654597261798736e-04
1.146709291820140631e-03
1.389950656751685627e-03
1.424699423170477583e-03
9.382166933073877004e-04
1.146709291820140631e-03
1.111960525401348458e-03
1.007714226144971938e-03
1.355201890332893453e-03
9.729654597261798736e-04
1.146709291820140631e-03
1.806935853777191054e-03
1.633192021683230405e-03
1.389950656751685627e-03
1.528945722426854103e-03
1.355201890332893453e-03
1.459448189589269756e-03
1.633192021683230405e-03
1.320453123914101280e-03
1.216206824657724761e-03
1.528945722426854103e-03
1.424699423170477583e-03
1.563694488845646059e-03
1.320453123914101280e-03
2.084925985127528223e-03
1.633192021683230405e-03
1.389950656751685627e-03
1.772187087358398881e-03
1.841684620195983228e-03
1.042462992563764112e-03
1.320453123914101280e-03
1.250955591076516934e-03
1.459448189589269756e-03
1.181458058238932804e-03
1.806935853777191054e-03
8.687191604698033540e-04
1.146709291820140631e-03
1.285704357495309107e-03
1.459448189589269756e-03
1.459448189589269756e-03
1.667940788102022578e-03
1.563694488845646059e-03
1.111960525401348458e-03
1.424699423170477583e-03
1.146709291820140631e-03
1.841684620195983228e-03
1.250955591076516934e-03
1.494196956008061929e-03
1.633192021683230405e-03
1.181458058238932804e-03
1.285704357495309107e-03
1.181458058238932804e-03
1.737438320939606708e-03
1.841684620195983228e-03
1.876433386614775401e-03
9.729654597261798736e-04
1.042462992563764112e-03
1.459448189589269756e-03
1.042462992563764112e-03
1.146709291820140631e-03
9.729654597261798736e-04
1.042462992563764112e-03
8.687191604698033540e-04
1.494196956008061929e-03
1.216206824657724761e-03
1.181458058238932804e-03
1.077211758982556285e-03
1.285704357495309107e-03
1.528945722426854103e-03
1.667940788102022578e-03
1.876433386614775401e-03
1.945930919452359747e-03
2.675655014246994517e-03
1.702689554520814535e-03
1.737438320939606708e-03
2.223921050802696916e-03
1.737438320939606708e-03
1.980679685871151487e-03
2.606157481409410170e-03
1.494196956008061929e-03
2.015428452289943877e-03
1.772187087358398881e-03
1.806935853777191054e-03
1.737438320939606708e-03
2.015428452289943877e-03
1.980679685871151487e-03
1.772187087358398881e-03
2.223921050802696916e-03
2.779901313503371253e-03
2.154423517965112569e-03
1.459448189589269756e-03
2.467162415734241478e-03
1.389950656751685627e-03
1.737438320939606708e-03
1.007714226144971938e-03
2.710403780665786907e-03
2.015428452289943877e-03
1.633192021683230405e-03
1.146709291820140631e-03
1.702689554520814535e-03
2.640906247828202560e-03
2.050177218708735833e-03
1.911182153033567574e-03
1.111960525401348458e-03
1.841684620195983228e-03
1.042462992563764112e-03
1.320453123914101280e-03
1.250955591076516934e-03
1.876433386614775401e-03
9.382166933073877004e-04
1.146709291820140631e-03
1.250955591076516934e-03
1.181458058238932804e-03
1.633192021683230405e-03
1.042462992563764112e-03
1.111960525401348458e-03
1.042462992563764112e-03
1.528945722426854103e-03
1.459448189589269756e-03
1.077211758982556285e-03
1.355201890332893453e-03
1.494196956008061929e-03
1.945930919452359747e-03
2.084925985127528223e-03
2.154423517965112569e-03
1.737438320939606708e-03
1.980679685871151487e-03
1.737438320939606708e-03
2.050177218708735833e-03
1.667940788102022578e-03
2.119674751546320179e-03
2.189172284383904526e-03
2.084925985127528223e-03
1.945930919452359747e-03
1.667940788102022578e-03
1.841684620195983228e-03
1.459448189589269756e-03
1.806935853777191054e-03
1.702689554520814535e-03
1.841684620195983228e-03
1.772187087358398881e-03
1.806935853777191054e-03
1.459448189589269756e-03
2.223921050802696916e-03
2.258669817221488872e-03
1.667940788102022578e-03
1.980679685871151487e-03
1.424699423170477583e-03
1.667940788102022578e-03
2.015428452289943877e-03
1.667940788102022578e-03
1.702689554520814535e-03
1.980679685871151487e-03
2.362916116477865609e-03
1.667940788102022578e-03
1.945930919452359747e-03
1.702689554520814535e-03
1.945930919452359747e-03
1.876433386614775401e-03
1.424699423170477583e-03
1.563694488845646059e-03
1.077211758982556285e-03
1.285704357495309107e-03
9.729654597261798736e-04
1.494196956008061929e-03
1.042462992563764112e-03
9.382166933073877004e-04
1.667940788102022578e-03
1.042462992563764112e-03
1.007714226144971938e-03
9.729654597261798736e-04
1.285704357495309107e-03
9.382166933073877004e-04
9.382166933073877004e-04
1.598443255264438232e-03
1.007714226144971938e-03
1.528945722426854103e-03
1.667940788102022578e-03
1.250955591076516934e-03
1.667940788102022578e-03
1.424699423170477583e-03
1.111960525401348458e-03
1.250955591076516934e-03
1.667940788102022578e-03
1.181458058238932804e-03
1.077211758982556285e-03
8.687191604698033540e-04
1.181458058238932804e-03
1.424699423170477583e-03
1.494196956008061929e-03
9.729654597261798736e-04
9.382166933073877004e-04
1.146709291820140631e-03
1.077211758982556285e-03
1.146709291820140631e-03
1.285704357495309107e-03
1.459448189589269756e-03
3.092640211272500161e-03
1.042462992563764112e-03
1.285704357495309107e-03
1.424699423170477583e-03
1.285704357495309107e-03
1.389950656751685627e-03
1.459448189589269756e-03
1.702689554520814535e-03
1.250955591076516934e-03
1.042462992563764112e-03
1.146709291820140631e-03
1.424699423170477583e-03
1.285704357495309107e-03
1.077211758982556285e-03
1.250955591076516934e-03
1.077211758982556285e-03
1.146709291820140631e-03
1.598443255264438232e-03
1.389950656751685627e-03
1.459448189589269756e-03
1.216206824657724761e-03
1.806935853777191054e-03
1.285704357495309107e-03
1.563694488845646059e-03
1.806935853777191054e-03
1.737438320939606708e-03
1.598443255264438232e-03
1.528945722426854103e-03
1.494196956008061929e-03
1.181458058238932804e-03
1.667940788102022578e-03
1.077211758982556285e-03
1.980679685871151487e-03
1.876433386614775401e-03
1.841684620195983228e-03
1.841684620195983228e-03
2.119674751546320179e-03
1.598443255264438232e-03
1.772187087358398881e-03
1.876433386614775401e-03
1.459448189589269756e-03
1.216206824657724761e-03
1.528945722426854103e-03
1.494196956008061929e-03
2.362916116477865609e-03
1.980679685871151487e-03
1.667940788102022578e-03
1.945930919452359747e-03
1.181458058238932804e-03
1.216206824657724761e-03
2.328167350059073219e-03
1.389950656751685627e-03
1.806935853777191054e-03
1.494196956008061929e-03
1.111960525401348458e-03
1.876433386614775401e-03
2.501911182153033868e-03
1.876433386614775401e-03
1.355201890332893453e-03
1.598443255264438232e-03
2.154423517965112569e-03
1.876433386614775401e-03
2.015428452289943877e-03
1.181458058238932804e-03
1.077211758982556285e-03
1.459448189589269756e-03
1.355201890332893453e-03
1.250955591076516934e-03
1.389950656751685627e-03
1.285704357495309107e-03
1.042462992563764112e-03
1.146709291820140631e-03
1.459448189589269756e-03
1.181458058238932804e-03
1.494196956008061929e-03
1.459448189589269756e-03
1.181458058238932804e-03
1.355201890332893453e-03
1.285704357495309107e-03
1.181458058238932804e-03
1.459448189589269756e-03
1.528945722426854103e-03
1.389950656751685627e-03
3.057891444853708205e-03
2.050177218708735833e-03
1.598443255264438232e-03
1.598443255264438232e-03
1.320453123914101280e-03
1.945930919452359747e-03
1.633192021683230405e-03
1.355201890332893453e-03
4.447842101605393832e-03
1.633192021683230405e-03
2.606157481409410170e-03
1.667940788102022578e-03
1.563694488845646059e-03
1.737438320939606708e-03
2.189172284383904526e-03
1.181458058238932804e-03
1.042462992563764112e-03
1.355201890332893453e-03
1.320453123914101280e-03
1.250955591076516934e-03
1.216206824657724761e-03
1.459448189589269756e-03
1.320453123914101280e-03
1.216206824657724761e-03
1.494196956008061929e-03
1.146709291820140631e-03
1.459448189589269756e-03
1.181458058238932804e-03
1.320453123914101280e-03
1.285704357495309107e-03
1.389950656751685627e-03
1.285704357495309107e-03
1.146709291820140631e-03
1.320453123914101280e-03
1.424699423170477583e-03
2.606157481409410170e-03
2.189172284383904526e-03
2.258669817221488872e-03
2.710403780665786907e-03
2.467162415734241478e-03
1.737438320939606708e-03
1.772187087358398881e-03
1.980679685871151487e-03
2.432413649315449521e-03
2.606157481409410170e-03
2.501911182153033868e-03
1.389950656751685627e-03
2.918896379178539512e-03
2.432413649315449521e-03
2.640906247828202560e-03
2.988393912016123859e-03
1.667940788102022578e-03
2.154423517965112569e-03
2.050177218708735833e-03
2.119674751546320179e-03
2.258669817221488872e-03
2.154423517965112569e-03
2.849398846340955166e-03
1.528945722426854103e-03
9.382166933073877004e-04
1.389950656751685627e-03
2.745152547084578863e-03
3.926610605323511451e-03
2.675655014246994517e-03
1.841684620195983228e-03
1.563694488845646059e-03
2.884147612759747122e-03
1.216206824657724761e-03
2.397664882896657131e-03
2.953645145597331469e-03
1.772187087358398881e-03
2.015428452289943877e-03
1.980679685871151487e-03
1.320453123914101280e-03
3.335881576204045157e-03
