-9.098499999999999643e-02 5.151234399999999880e+01
1.262510000000000021e-01 5.148194199999999654e+01
1.518879999999999952e-01 5.154761599999999788e+01
1.311440000000000106e-01 5.155043700000000229e+01
1.419950000000000101e-01 5.157222800000000262e+01
1.657919999999999949e-01 5.155134300000000280e+01
9.942399999999999849e-02 5.153401699999999863e+01
8.092699999999999894e-02 5.153149799999999914e+01
1.311579999999999968e-01 5.153419999999999845e+01
1.419950000000000101e-01 5.157222800000000262e+01
8.261000000000000287e-02 5.154033600000000348e+01
9.939499999999999724e-02 5.153283100000000161e+01
1.389529999999999932e-01 5.154617499999999808e+01
9.678100000000000591e-02 5.152141000000000304e+01
1.010130000000000056e-01 5.152202900000000341e+01
1.303249999999999964e-01 5.155552699999999788e+01
7.576600000000000001e-02 5.153656300000000101e+01
1.437120000000000064e-01 5.157450599999999952e+01
-1.546869999999999912e-01 5.162472300000000303e+01
-2.616439999999999877e-01 5.160569399999999973e+01
-1.947959999999999969e-01 5.156426799999999844e+01
-2.491029999999999911e-01 5.158969100000000196e+01
-1.531559999999999866e-01 5.160201500000000152e+01
-1.512709999999999888e-01 5.163106799999999907e+01
-1.642619999999999914e-01 5.158762999999999721e+01
-2.620339999999999892e-01 5.161578599999999994e+01
-1.984140000000000070e-01 5.159828199999999754e+01
-1.751610000000000111e-01 5.158306000000000324e+01
-1.981710000000000138e-01 5.157566599999999823e+01
-2.550319999999999809e-01 5.161517400000000322e+01
-2.200090000000000101e-01 5.158624600000000271e+01
-2.066749999999999976e-01 5.165924700000000058e+01
-2.213890000000000025e-01 5.161728899999999953e+01
-1.654470000000000107e-01 5.163144900000000348e+01
-2.025069999999999926e-01 5.163347399999999965e+01
-1.862489999999999979e-01 5.164177800000000218e+01
-1.915540000000000020e-01 5.160278499999999724e+01
-2.526709999999999789e-01 5.157833600000000018e+01
-1.668779999999999986e-01 5.161138100000000151e+01
1.656430000000000125e-01 5.146089299999999866e+01
1.482700000000000129e-01 5.148516500000000207e+01
9.435399999999999343e-02 5.143711799999999812e+01
1.177630000000000066e-01 5.144787199999999672e+01
1.278579999999999994e-01 5.147333600000000331e+01
9.766099999999999781e-02 5.142904800000000165e+01
1.711840000000000028e-01 5.147163499999999914e+01
1.822050000000000058e-01 5.145011300000000176e+01
1.482769999999999921e-01 5.143581100000000106e+01
1.226060000000000066e-01 5.145576899999999654e+01
1.089399999999999952e-01 5.147162699999999802e+01
1.746749999999999969e-01 5.148081799999999930e+01
9.260000000000000175e-02 5.146364100000000263e+01
1.287429999999999963e-01 5.148893799999999743e+01
7.590399999999999925e-02 5.143121000000000009e+01
1.810289999999999955e-01 5.146862600000000043e+01
1.634379999999999999e-01 5.147227199999999669e+01
1.616259999999999919e-01 5.143746500000000310e+01
1.109740000000000032e-01 5.147108699999999715e+01
1.009390000000000009e-01 5.142648599999999703e+01
1.199329999999999979e-01 5.150355900000000275e+01
-2.904539999999999900e-01 5.153989599999999882e+01
-2.629580000000000251e-01 5.156423199999999696e+01
-2.147920000000000107e-01 5.154130299999999920e+01
-2.309690000000000076e-01 5.156124599999999703e+01
-2.439590000000000092e-01 5.155418000000000234e+01
-2.779809999999999781e-01 5.157995799999999775e+01
-2.473339999999999983e-01 5.153493300000000232e+01
-2.246299999999999963e-01 5.153052999999999884e+01
-3.014820000000000277e-01 5.158067700000000144e+01
-2.040929999999999966e-01 5.154689499999999924e+01
-2.105319999999999969e-01 5.154701000000000022e+01
-2.710569999999999924e-01 5.156728100000000126e+01
-2.988649999999999918e-01 5.157379300000000200e+01
-2.089229999999999976e-01 5.153338099999999855e+01
-2.907069999999999932e-01 5.159186900000000264e+01
-2.588300000000000045e-01 5.154311299999999818e+01
-3.280989999999999740e-01 5.156085900000000066e+01
-2.771589999999999887e-01 5.154726800000000253e+01
-2.415039999999999965e-01 5.157973799999999898e+01
-2.957099999999999729e-01 5.155161499999999819e+01
-2.295300000000000118e-01 5.154397399999999863e+01
5.250300000000000106e-02 5.140185699999999969e+01
3.280199999999999783e-02 5.131205899999999787e+01
3.921899999999999692e-02 5.138384500000000088e+01
1.315599999999999929e-02 5.140602499999999964e+01
1.123269999999999963e-01 5.134047199999999833e+01
7.748700000000000032e-02 5.141262600000000305e+01
-4.062999999999999945e-02 5.140858000000000061e+01
-2.404200000000000087e-02 5.141220500000000015e+01
1.045930000000000054e-01 5.139173600000000164e+01
1.045930000000000054e-01 5.139173600000000164e+01
-7.854200000000000070e-02 5.141988299999999867e+01
-3.405799999999999800e-02 5.141478399999999738e+01
5.310499999999999943e-02 5.136610900000000157e+01
-1.278000000000000056e-03 5.137105400000000088e+01
-3.015599999999999878e-02 5.140192600000000311e+01
4.136499999999999899e-02 5.143547499999999673e+01
9.421400000000000607e-02 5.137484299999999848e+01
-3.285400000000000126e-02 5.140843399999999974e+01
9.263599999999999612e-02 5.137631999999999977e+01
3.390599999999999864e-02 5.140638100000000321e+01
4.140999999999999716e-03 5.139921199999999857e+01
-1.486099999999999921e-02 5.137579800000000319e+01
-1.697869999999999935e-01 5.154897400000000118e+01
-1.242619999999999975e-01 5.151920499999999947e+01
-1.549929999999999919e-01 5.153844899999999996e+01
-1.298380000000000090e-01 5.154516399999999976e+01
-1.944400000000000017e-01 5.155544499999999886e+01
-1.588259999999999950e-01 5.155170600000000292e+01
-1.481840000000000102e-01 5.155639399999999739e+01
-1.817600000000000049e-01 5.154985599999999835e+01
-1.605520000000000003e-01 5.154785900000000254e+01
-1.490690000000000071e-01 5.157118799999999936e+01
-1.099279999999999979e-01 5.151793500000000137e+01
-1.420049999999999923e-01 5.154730399999999690e+01
-1.911349999999999993e-01 5.153707599999999900e+01
-1.322309999999999874e-01 5.153333400000000353e+01
-1.419950000000000101e-01 5.153269199999999728e+01
-1.355740000000000001e-01 5.153988999999999976e+01
-1.748619999999999897e-01 5.154353199999999902e+01
-1.904359999999999942e-01 5.154735800000000268e+01
-7.227500000000000591e-02 5.138054999999999950e+01
-7.454099999999999615e-02 5.137727199999999783e+01
-9.787999999999999479e-02 5.139611099999999766e+01
-1.119880000000000042e-01 5.138933099999999854e+01
-1.412670000000000037e-01 5.131994100000000003e+01
-1.412670000000000037e-01 5.131994100000000003e+01
-8.938400000000000512e-02 5.135313899999999876e+01
-2.854100000000000040e-02 5.136268299999999698e+01
-1.277580000000000104e-01 5.150735099999999989e+01
-9.722300000000000386e-02 5.136532100000000156e+01
-1.024940000000000018e-01 5.132632999999999868e+01
-1.709400000000000155e-02 5.134818400000000338e+01
-1.142989999999999978e-01 5.141466100000000239e+01
-1.197109999999999980e-01 5.133922799999999853e+01
-8.158700000000000674e-02 5.133479100000000273e+01
-8.738400000000000334e-02 5.139324700000000234e+01
-6.493699999999999473e-02 5.135561100000000323e+01
-5.292999999999999788e-02 5.137397500000000150e+01
-7.572600000000000164e-02 5.140020799999999923e+01
-1.055230000000000057e-01 5.139674699999999774e+01
-8.475000000000000588e-02 5.141792000000000229e+01
-1.136579999999999951e-01 5.137593799999999788e+01
-8.681700000000000528e-02 5.134932899999999734e+01
-6.577900000000000413e-02 5.138934900000000283e+01
-2.629500000000000171e-01 5.150871999999999673e+01
-3.218719999999999914e-01 5.152136999999999745e+01
-3.572270000000000167e-01 5.151679800000000142e+01
-3.018620000000000192e-01 5.151492799999999761e+01
-2.882330000000000170e-01 5.151023399999999697e+01
-2.505680000000000129e-01 5.151032000000000011e+01
-3.296379999999999866e-01 5.149999700000000047e+01
-3.236330000000000040e-01 5.151026399999999938e+01
-3.380380000000000051e-01 5.155054299999999756e+01
-2.915329999999999866e-01 5.152166199999999918e+01
-3.461130000000000040e-01 5.151969100000000168e+01
-3.747289999999999788e-01 5.152201699999999818e+01
-3.173480000000000190e-01 5.150337100000000135e+01
-3.462200000000000277e-01 5.153179699999999741e+01
-3.675979999999999803e-01 5.154841799999999807e+01
-3.960969999999999769e-01 5.153506699999999796e+01
-3.683250000000000135e-01 5.149307300000000254e+01
-3.244770000000000154e-01 5.153222199999999731e+01
-2.886079999999999757e-01 5.150177800000000161e+01
-3.236330000000000040e-01 5.151026399999999938e+01
-3.903550000000000075e-01 5.149748699999999957e+01
-2.634909999999999752e-01 5.150280800000000170e+01
-3.132289999999999797e-01 5.150968000000000302e+01
-1.152529999999999943e-01 5.161234300000000275e+01
-7.222599999999999854e-02 5.164486099999999880e+01
-1.164390000000000008e-01 5.165320200000000028e+01
-1.512550000000000006e-01 5.164785100000000284e+01
-6.078000000000000069e-02 5.162508100000000155e+01
-4.114500000000000102e-02 5.165291799999999967e+01
-2.421799999999999994e-02 5.166794000000000153e+01
-1.252209999999999990e-01 5.163141699999999901e+01
-7.479099999999999637e-02 5.162231599999999787e+01
-1.665320000000000134e-01 5.162972899999999754e+01
-1.199680000000000052e-01 5.165262799999999999e+01
-6.078000000000000069e-02 5.162508100000000155e+01
-1.037519999999999970e-01 5.162346900000000005e+01
-4.583600000000000174e-02 5.164602500000000163e+01
-5.240999999999999825e-02 5.164869999999999806e+01
-1.267759999999999998e-01 5.162805000000000177e+01
-1.254689999999999972e-01 5.162459599999999682e+01
-8.071200000000000596e-02 5.165229899999999930e+01
-5.011199999999999682e-02 5.167271099999999961e+01
-5.912499999999999700e-02 5.160904399999999725e+01
-1.024449999999999944e-01 5.163410199999999861e+01
1.208319999999999950e-01 5.149097600000000341e+01
1.992999999999999980e-02 5.148131999999999664e+01
4.017699999999999744e-02 5.148181799999999697e+01
5.800400000000000000e-02 5.142983699999999914e+01
5.263899999999999829e-02 5.145116900000000015e+01
5.263899999999999829e-02 5.145116900000000015e+01
5.263899999999999829e-02 5.145116900000000015e+01
8.169500000000000373e-02 5.148787399999999792e+01
-7.659000000000000009e-03 5.148257699999999915e+01
5.861999999999999850e-02 5.148346200000000294e+01
5.861999999999999850e-02 5.148346200000000294e+01
4.876000000000000126e-03 5.150127299999999764e+01
8.714199999999999724e-02 5.148480700000000354e+01
6.350699999999999401e-02 5.146970199999999807e+01
5.861999999999999850e-02 5.148346200000000294e+01
5.974600000000000050e-02 5.147937999999999903e+01
6.522200000000000220e-02 5.149354000000000298e+01
-9.633099999999999996e-02 5.156265199999999993e+01
-6.614799999999999847e-02 5.156625900000000229e+01
-5.072900000000000326e-02 5.154528400000000232e+01
-8.696199999999999763e-02 5.155672899999999714e+01
-7.011299999999999477e-02 5.154762300000000153e+01
-8.058300000000000185e-02 5.154103700000000288e+01
-5.682000000000000245e-02 5.154712399999999661e+01
-6.244299999999999851e-02 5.155376900000000262e+01
-7.069000000000000283e-02 5.153303300000000320e+01
-8.934400000000000674e-02 5.153563799999999873e+01
-9.546499999999999431e-02 5.156160899999999714e+01
-5.535299999999999943e-02 5.155834800000000229e+01
-8.256900000000000350e-02 5.156308099999999683e+01
-8.508699999999999597e-02 5.157391899999999652e+01
-7.018299999999999539e-02 5.153990100000000041e+01
-5.845800000000000302e-02 5.156840900000000261e+01
-6.995300000000000129e-02 5.151545399999999830e+01
-5.760300000000000142e-02 5.153460599999999658e+01
-3.697799999999999698e-02 5.154518499999999648e+01
-2.178180000000000116e-01 5.150068999999999875e+01
-2.431790000000000063e-01 5.150302800000000047e+01
-2.188360000000000027e-01 5.149559699999999651e+01
-2.016820000000000002e-01 5.147734299999999763e+01
-1.963300000000000045e-01 5.148014799999999980e+01
-1.817709999999999881e-01 5.147350999999999743e+01
-2.244980000000000031e-01 5.149304200000000264e+01
-2.096969999999999945e-01 5.147695300000000174e+01
-2.038939999999999919e-01 5.148797100000000171e+01
-2.248549999999999993e-01 5.148644199999999671e+01
-1.993560000000000054e-01 5.147357399999999927e+01
-2.398339999999999916e-01 5.149528000000000105e+01
-1.839000000000000079e-01 5.147245499999999652e+01
-2.210449999999999915e-01 5.150375400000000070e+01
-2.340170000000000028e-01 5.149174699999999660e+01
-2.408589999999999898e-01 5.150891500000000178e+01
-1.084259999999999946e-01 5.159177300000000344e+01
-1.242100000000000010e-01 5.160703999999999780e+01
-7.266100000000000336e-02 5.159643400000000213e+01
-1.236769999999999953e-01 5.157974699999999757e+01
-1.549409999999999954e-01 5.159082500000000238e+01
-9.965999999999999859e-02 5.158242599999999811e+01
-1.490690000000000071e-01 5.157118799999999936e+01
-1.218879999999999963e-01 5.158704500000000337e+01
-1.393719999999999959e-01 5.159021899999999761e+01
-1.015699999999999936e-01 5.159517300000000262e+01
-5.997899999999999759e-02 5.160544900000000013e+01
-8.629100000000000659e-02 5.158111300000000199e+01
-7.243399999999999839e-02 5.158341699999999719e+01
-1.103289999999999965e-01 5.157411700000000110e+01
-7.153500000000000136e-02 5.158746599999999916e+01
-6.106199999999999822e-02 5.159257800000000316e+01
-8.676300000000000678e-02 5.158625399999999672e+01
-8.848999999999999921e-02 5.160615299999999905e+01
-1.107299999999999951e-01 5.160361600000000237e+01
-3.192749999999999755e-01 5.160124900000000281e+01
-2.876980000000000093e-01 5.161312699999999865e+01
-2.774369999999999892e-01 5.161462900000000076e+01
-3.327669999999999795e-01 5.158301099999999906e+01
-3.396359999999999935e-01 5.157063200000000336e+01
-3.406919999999999948e-01 5.160489499999999907e+01
-3.700749999999999873e-01 5.160880099999999970e+01
-3.370759999999999867e-01 5.159790100000000024e+01
-3.370759999999999867e-01 5.159790100000000024e+01
-3.014820000000000277e-01 5.158067700000000144e+01
-3.014820000000000277e-01 5.158067700000000144e+01
-3.377359999999999807e-01 5.159024800000000255e+01
-3.780020000000000047e-01 5.159517199999999804e+01
-3.780020000000000047e-01 5.159517199999999804e+01
-2.907069999999999932e-01 5.159186900000000264e+01
-3.753619999999999735e-01 5.157580399999999798e+01
-3.631300000000000083e-01 5.156721600000000194e+01
-3.461110000000000020e-01 5.157107599999999792e+01
-3.177380000000000204e-01 5.162185699999999855e+01
-3.370759999999999867e-01 5.159790100000000024e+01
-3.532719999999999749e-01 5.157778299999999660e+01
1.741129999999999900e-01 5.158325200000000166e+01
2.680359999999999965e-01 5.156192000000000064e+01
2.031610000000000082e-01 5.154612199999999689e+01
2.253940000000000110e-01 5.157200999999999880e+01
2.283449999999999924e-01 5.160317799999999977e+01
2.311870000000000036e-01 5.154401800000000122e+01
2.352879999999999971e-01 5.159044800000000208e+01
1.571210000000000107e-01 5.160770699999999778e+01
2.074739999999999918e-01 5.159890899999999903e+01
2.005949999999999955e-01 5.157103899999999896e+01
1.582590000000000108e-01 5.158877499999999827e+01
1.857840000000000047e-01 5.158723899999999674e+01
2.143029999999999935e-01 5.150650000000000261e+01
1.783190000000000053e-01 5.157707599999999815e+01
2.262309999999999877e-01 5.156069600000000008e+01
1.886329999999999951e-01 5.152825200000000194e+01
2.309569999999999956e-01 5.158872199999999708e+01
2.488940000000000041e-01 5.155591400000000135e+01
-3.928280000000000105e-01 5.158739700000000283e+01
-4.194899999999999740e-01 5.150742300000000284e+01
-4.225099999999999967e-01 5.150258600000000087e+01
-4.632999999999999896e-01 5.150613299999999839e+01
-4.295359999999999734e-01 5.153720599999999763e+01
-3.892129999999999757e-01 5.157781200000000155e+01
-4.840450000000000030e-01 5.160314000000000334e+01
-4.622040000000000037e-01 5.148200700000000296e+01
-4.550179999999999780e-01 5.153426999999999936e+01
-4.422989999999999977e-01 5.156396600000000063e+01
-4.072180000000000244e-01 5.156675400000000309e+01
-4.282779999999999920e-01 5.161028900000000164e+01
-4.101679999999999771e-01 5.160164999999999935e+01
-4.370800000000000241e-01 5.149785399999999669e+01
-3.930250000000000132e-01 5.155732100000000173e+01
-4.206150000000000166e-01 5.151373300000000199e+01
-4.370020000000000016e-01 5.154972300000000018e+01
-4.796110000000000095e-01 5.154849999999999710e+01
-4.654099999999999904e-01 5.150298500000000246e+01
-4.322389999999999843e-01 5.156971800000000172e+01
-3.969489999999999963e-01 5.152766700000000100e+01
-4.720119999999999871e-01 5.151170299999999713e+01
-4.372159999999999935e-01 5.145346099999999723e+01
-3.101169999999999760e-01 5.148607299999999753e+01
-2.501010000000000177e-01 5.149160899999999685e+01
-3.088179999999999814e-01 5.145894799999999947e+01
-4.101940000000000031e-01 5.147843000000000302e+01
-4.107720000000000260e-01 5.144414799999999843e+01
-4.107720000000000260e-01 5.144414799999999843e+01
-3.829270000000000174e-01 5.144894800000000146e+01
-3.978860000000000174e-01 5.143684700000000021e+01
-2.746649999999999925e-01 5.149031300000000044e+01
-3.716149999999999731e-01 5.148535499999999843e+01
-3.716149999999999731e-01 5.148535499999999843e+01
-3.668040000000000189e-01 5.147117000000000075e+01
-3.874070000000000014e-01 5.146270400000000222e+01
-3.731490000000000085e-01 5.146092199999999650e+01
-3.837709999999999733e-01 5.146943499999999716e+01
-3.290029999999999899e-01 5.146712099999999879e+01
-3.433160000000000101e-01 5.148004099999999994e+01
-3.210310000000000108e-01 5.147915700000000072e+01
-2.663170000000000259e-01 5.149202999999999975e+01
-1.183450000000000057e-01 5.154035600000000272e+01
-8.982800000000000507e-02 5.152307799999999816e+01
-1.174759999999999971e-01 5.154341600000000057e+01
-9.444199999999999817e-02 5.154346499999999764e+01
-1.038420000000000037e-01 5.152275999999999812e+01
-1.074350000000000027e-01 5.156329600000000113e+01
-1.007750000000000035e-01 5.155039099999999763e+01
-9.806299999999999739e-02 5.154989700000000141e+01
-1.244210000000000038e-01 5.157214400000000154e+01
-1.155219999999999997e-01 5.155701700000000187e+01
-1.368109999999999882e-01 5.156141000000000219e+01
-7.976099999999999857e-02 5.154898200000000230e+01
-1.273120000000000085e-01 5.155085100000000153e+01
-9.835099999999999398e-02 5.154543900000000178e+01
-9.870900000000000507e-02 5.153478299999999734e+01
-1.142589999999999995e-01 5.155724899999999877e+01
-1.963060000000000083e-01 5.149810099999999835e+01
-1.742539999999999922e-01 5.149550599999999889e+01
-1.932790000000000064e-01 5.150101000000000084e+01
-2.039620000000000044e-01 5.151611100000000221e+01
-1.888469999999999871e-01 5.149226999999999776e+01
-1.792489999999999917e-01 5.148015600000000092e+01
-1.958620000000000083e-01 5.149034000000000333e+01
-2.073780000000000068e-01 5.152262900000000201e+01
-1.749360000000000082e-01 5.148509299999999911e+01
-2.112700000000000133e-01 5.150061099999999925e+01
-2.097710000000000130e-01 5.150654999999999717e+01
-2.191940000000000000e-01 5.152365799999999751e+01
-1.973270000000000024e-01 5.150987599999999844e+01
-1.791760000000000019e-01 5.149661100000000147e+01
-1.875269999999999992e-01 5.148671900000000079e+01
-1.581849999999999923e-01 5.148678699999999964e+01
-2.155330000000000024e-01 5.152171200000000084e+01
-2.051439999999999930e-01 5.151255499999999898e+01
-2.862330000000000152e-01 5.141784400000000232e+01
-2.840869999999999784e-01 5.139468500000000262e+01
-2.499119999999999953e-01 5.141271499999999861e+01
-2.940599999999999881e-01 5.141574399999999656e+01
-2.830179999999999918e-01 5.137693099999999902e+01
-2.962540000000000173e-01 5.136358299999999844e+01
-2.498930000000000040e-01 5.141465500000000333e+01
-2.854360000000000230e-01 5.141270800000000207e+01
-3.137139999999999929e-01 5.141220299999999810e+01
-2.829400000000000248e-01 5.141173899999999719e+01
-2.529080000000000217e-01 5.138496700000000317e+01
-3.049220000000000264e-01 5.140818699999999808e+01
-3.030169999999999808e-01 5.139372399999999885e+01
-3.025129999999999764e-01 5.139923699999999940e+01
-3.025579999999999936e-01 5.137827699999999709e+01
-3.142579999999999818e-01 5.141700900000000019e+01
-1.238070000000000004e-01 5.147887399999999758e+01
-1.205760000000000026e-01 5.145334900000000289e+01
-1.481649999999999912e-01 5.145783099999999877e+01
-1.453760000000000052e-01 5.146190299999999951e+01
-1.029820000000000041e-01 5.146563299999999685e+01
-1.220669999999999950e-01 5.146278300000000172e+01
-8.354200000000000514e-02 5.142356999999999800e+01
-9.666099999999999692e-02 5.145454699999999804e+01
-1.046490000000000059e-01 5.142775199999999813e+01
-1.293860000000000010e-01 5.147214900000000171e+01
-1.127920000000000034e-01 5.148202100000000314e+01
-1.420309999999999906e-01 5.146400599999999770e+01
-1.237309999999999938e-01 5.141582100000000111e+01
-1.254389999999999949e-01 5.146881299999999726e+01
-1.258019999999999972e-01 5.144695000000000107e+01
-1.240580000000000016e-01 5.142787100000000322e+01
-1.184010000000000062e-01 5.145532500000000198e+01
-9.148399999999999588e-02 5.146265100000000103e+01
-9.964499999999999746e-02 5.143959399999999960e+01
-1.011230000000000046e-01 5.144476999999999833e+01
-1.079309999999999992e-01 5.147750099999999662e+01
-1.431900000000000013e-02 5.143122600000000233e+01
3.500000000000000073e-03 5.146667699999999712e+01
-3.609199999999999908e-02 5.146360599999999863e+01
-2.010599999999999887e-02 5.144464099999999718e+01
-3.339400000000000007e-02 5.145170600000000150e+01
5.105000000000000163e-03 5.142529100000000142e+01
-3.482799999999999785e-02 5.148586199999999735e+01
-5.464200000000000307e-02 5.143977799999999689e+01
2.027899999999999842e-02 5.143547300000000178e+01
-2.231199999999999850e-02 5.145455900000000327e+01
4.675000000000000336e-03 5.146358200000000238e+01
-5.192299999999999693e-02 5.143769199999999842e+01
-4.024500000000000299e-02 5.147102199999999783e+01
-4.684200000000000169e-02 5.143512299999999726e+01
-1.843500000000000000e-02 5.144730200000000053e+01
-5.939900000000000041e-02 5.142475999999999914e+01
-4.484400000000000192e-02 5.146780600000000305e+01
7.349999999999999763e-03 5.143329899999999810e+01
-1.852320000000000078e-01 5.141608500000000248e+01
-2.168219999999999870e-01 5.140180999999999756e+01
-1.799419999999999908e-01 5.141716999999999871e+01
-1.659950000000000037e-01 5.140087199999999967e+01
-2.082940000000000069e-01 5.141659400000000346e+01
-1.602379999999999916e-01 5.141313300000000197e+01
-1.701350000000000084e-01 5.142978399999999795e+01
-2.199869999999999881e-01 5.141999400000000264e+01
-1.706610000000000071e-01 5.140922799999999881e+01
-1.389970000000000094e-01 5.140836099999999931e+01
-1.697170000000000067e-01 5.140230499999999836e+01
-2.080170000000000075e-01 5.141140599999999949e+01
-1.231700000000000017e-01 5.140144500000000249e+01
-1.908120000000000094e-01 5.144105799999999817e+01
-2.322400000000000020e-01 5.140669599999999662e+01
-1.987500000000000100e-01 5.138989999999999725e+01
-1.970639999999999892e-01 5.142169299999999765e+01
-1.992770000000000097e-01 5.144844599999999701e+01
-2.387140000000000095e-01 5.139777899999999988e+01
-1.995260000000000089e-01 5.143453399999999931e+01
6.781099999999999628e-02 5.151049299999999675e+01
2.947100000000000067e-02 5.153885999999999967e+01
1.873999999999999971e-02 5.151410500000000070e+01
1.873999999999999971e-02 5.151410500000000070e+01
2.624399999999999997e-02 5.150986600000000237e+01
5.276299999999999740e-02 5.152931800000000351e+01
5.547200000000000047e-02 5.152873699999999957e+01
5.547200000000000047e-02 5.152873699999999957e+01
2.439699999999999855e-02 5.154579100000000125e+01
2.439699999999999855e-02 5.154579100000000125e+01
3.336800000000000183e-02 5.153859500000000082e+01
3.336800000000000183e-02 5.153859500000000082e+01
5.885699999999999960e-02 5.155163000000000295e+01
4.864099999999999674e-02 5.154939499999999697e+01
1.262699999999999934e-02 5.152755200000000002e+01
1.262699999999999934e-02 5.152755200000000002e+01
7.057299999999999685e-02 5.151383899999999727e+01
-1.277580000000000104e-01 5.150735099999999989e+01
6.144199999999999662e-02 5.153676200000000307e+01
1.452499999999999972e-02 5.153826500000000266e+01
1.031239999999999934e-01 5.158949199999999990e+01
8.080800000000000483e-02 5.158849699999999672e+01
5.746199999999999919e-02 5.160598399999999941e+01
1.181460000000000010e-01 5.158145199999999875e+01
-1.174399999999999923e-02 5.158454900000000265e+01
6.227599999999999802e-02 5.158416600000000329e+01
7.329900000000000304e-02 5.155310099999999807e+01
5.468300000000000244e-02 5.156831900000000246e+01
8.103299999999999392e-02 5.159219000000000221e+01
5.075400000000000050e-02 5.157481800000000050e+01
1.101339999999999958e-01 5.156394399999999933e+01
1.007900000000000046e-01 5.160813900000000132e+01
7.991199999999999692e-02 5.154866499999999974e+01
2.365499999999999894e-02 5.160511100000000084e+01
3.538600000000000079e-02 5.162023800000000051e+01
9.244900000000000340e-02 5.157510400000000317e+01
6.752600000000000269e-02 5.157826699999999676e+01
9.394600000000000173e-02 5.156696699999999822e+01
1.806800000000000073e-02 5.158404999999999774e+01
6.769400000000000417e-02 5.155812600000000145e+01
2.115399999999999919e-02 5.157645099999999871e+01
-2.393029999999999879e-01 5.147526500000000027e+01
-2.678829999999999822e-01 5.146285100000000057e+01
-3.488140000000000129e-01 5.143237899999999740e+01
-3.088179999999999814e-01 5.145894799999999947e+01
-3.667119999999999824e-01 5.141339399999999671e+01
-3.613230000000000053e-01 5.141414799999999730e+01
-3.213309999999999778e-01 5.141354100000000216e+01
-3.365759999999999863e-01 5.145185800000000143e+01
-2.848910000000000053e-01 5.147525100000000009e+01
-2.413990000000000025e-01 5.146812500000000057e+01
-3.037420000000000120e-01 5.146131100000000202e+01
-3.284230000000000205e-01 5.147087499999999949e+01
-3.037420000000000120e-01 5.146131100000000202e+01
-3.352459999999999885e-01 5.144458099999999945e+01
-3.313420000000000254e-01 5.142679900000000259e+01
-3.157429999999999959e-01 5.144755800000000079e+01
-3.352459999999999885e-01 5.144458099999999945e+01
-3.732650000000000134e-01 5.145384800000000070e+01
-8.545500000000000318e-02 5.147495299999999929e+01
-9.223399999999999654e-02 5.147519299999999731e+01
-1.075480000000000047e-01 5.149765899999999874e+01
-7.409499999999999420e-02 5.148975500000000238e+01
-1.059029999999999971e-01 5.150291399999999697e+01
-7.320999999999999730e-02 5.145456399999999775e+01
-9.289699999999999347e-02 5.148987600000000242e+01
-9.208099999999999619e-02 5.149941400000000158e+01
-7.716199999999999448e-02 5.149583499999999958e+01
-6.607799999999999785e-02 5.148302999999999940e+01
-1.033779999999999977e-01 5.150019400000000047e+01
-5.526099999999999762e-02 5.146482100000000059e+01
-6.913700000000000401e-02 5.147419099999999759e+01
-6.083700000000000219e-02 5.146051099999999678e+01
-9.486400000000000388e-02 5.150776199999999960e+01
-4.599199999999999816e-02 5.149823500000000109e+01
-5.464999999999999719e-02 5.148814000000000135e+01
-9.301399999999999946e-02 5.147408500000000231e+01
-4.963800000000000157e-02 5.149759600000000148e+01
-9.414799999999999558e-02 5.150870799999999861e+01
-8.773799999999999655e-02 5.150278099999999881e+01
-1.342180000000000040e-01 5.136850900000000308e+01
-1.342180000000000040e-01 5.136850900000000308e+01
-1.987430000000000030e-01 5.134311900000000151e+01
-1.728399999999999936e-01 5.135423500000000274e+01
-1.277580000000000104e-01 5.150735099999999989e+01
-2.189260000000000095e-01 5.136192700000000144e+01
-2.178309999999999969e-01 5.136002599999999774e+01
-1.788180000000000047e-01 5.138542900000000202e+01
-2.148309999999999942e-01 5.138295200000000307e+01
-2.423019999999999896e-01 5.137891100000000222e+01
-1.939609999999999945e-01 5.136142799999999653e+01
-1.939609999999999945e-01 5.136142799999999653e+01
-2.054819999999999980e-01 5.137294899999999842e+01
-1.756389999999999896e-01 5.137335399999999908e+01
-1.518450000000000077e-01 5.136397800000000302e+01
-1.518450000000000077e-01 5.136397800000000302e+01
-1.787809999999999955e-01 5.141989300000000185e+01
-2.446800000000000086e-01 5.138029000000000224e+01
-6.672000000000000153e-02 5.152697400000000272e+01
-6.672000000000000153e-02 5.152697400000000272e+01
-3.814999999999999815e-03 5.150829600000000141e+01
-2.835299999999999973e-02 5.153062700000000262e+01
-2.835299999999999973e-02 5.153062700000000262e+01
-8.644999999999999907e-03 5.152244400000000013e+01
-1.277580000000000104e-01 5.150735099999999989e+01
-3.523300000000000043e-02 5.151324000000000325e+01
-4.181399999999999700e-02 5.152251700000000056e+01
-3.971299999999999830e-02 5.152680600000000055e+01
-2.053400000000000017e-02 5.149766999999999939e+01
-9.216299999999999493e-02 5.150186899999999923e+01
-5.574599999999999694e-02 5.150439999999999685e+01
-5.071599999999999719e-02 5.151121799999999951e+01
-1.277580000000000104e-01 5.150735099999999989e+01
-6.705899999999999361e-02 5.152270599999999945e+01
-7.072799999999999920e-02 5.151394899999999666e+01
1.137099999999999916e-02 5.155537799999999748e+01
4.342000000000000373e-03 5.155978600000000256e+01
-1.574700000000000058e-02 5.159922199999999748e+01
1.101500000000000049e-02 5.163500700000000165e+01
-3.446999999999999977e-03 5.162540200000000112e+01
1.212000000000000056e-02 5.157024700000000195e+01
5.673000000000000091e-03 5.156701000000000334e+01
-3.814999999999999815e-03 5.160755400000000037e+01
4.447000000000000432e-03 5.161871399999999710e+01
-2.666999999999999926e-02 5.158328699999999856e+01
-3.066699999999999982e-02 5.159338799999999736e+01
-1.831899999999999848e-02 5.158282100000000270e+01
-1.393199999999999994e-02 5.161527600000000149e+01
-4.576299999999999812e-02 5.156213699999999989e+01
-1.313899999999999964e-02 5.156194800000000100e+01
9.983000000000000554e-03 5.156846300000000127e+01
-2.957399999999999959e-02 5.157514799999999866e+01
-2.191600000000000145e-02 5.162534099999999881e+01
-2.809599999999999945e-02 5.159047000000000338e+01
-2.406999999999999851e-03 5.158630500000000296e+01
-1.526139999999999997e-01 5.144283099999999820e+01
-1.555080000000000073e-01 5.143940400000000324e+01
-1.876740000000000075e-01 5.144197100000000233e+01
-2.109769999999999979e-01 5.145886800000000250e+01
-1.901500000000000135e-01 5.145790999999999826e+01
-1.527779999999999971e-01 5.142709099999999722e+01
-1.701350000000000084e-01 5.142978399999999795e+01
-1.632550000000000112e-01 5.146831399999999945e+01
-1.573529999999999929e-01 5.145022800000000274e+01
-1.656440000000000135e-01 5.145707800000000276e+01
-1.479020000000000057e-01 5.147595599999999649e+01
-2.454830000000000068e-01 5.145388599999999713e+01
-1.656849999999999989e-01 5.147922100000000256e+01
-1.783770000000000078e-01 5.142913699999999722e+01
-1.996890000000000054e-01 5.144749099999999942e+01
-1.817819999999999991e-01 5.145707199999999659e+01
-1.680750000000000022e-01 5.142084499999999991e+01
-1.690079999999999916e-01 5.145316499999999849e+01
-2.120720000000000105e-01 5.145345600000000275e+01
-2.171800000000000119e-01 5.146057400000000115e+01
-1.807580000000000020e-01 5.153505200000000031e+01
-1.838009999999999922e-01 5.151343399999999662e+01
-1.570979999999999877e-01 5.151945500000000067e+01
-1.473629999999999940e-01 5.149371699999999663e+01
-1.712859999999999938e-01 5.152277500000000288e+01
-1.939589999999999925e-01 5.152259200000000305e+01
-1.657299999999999884e-01 5.150726800000000338e+01
-1.594150000000000011e-01 5.150209199999999754e+01
-1.797020000000000006e-01 5.151165000000000305e+01
-1.805279999999999940e-01 5.152219999999999800e+01
-1.836260000000000114e-01 5.152792800000000284e+01
-1.518079999999999985e-01 5.151997300000000024e+01
-2.039799999999999947e-01 5.153285600000000244e+01
-1.569689999999999974e-01 5.153127099999999672e+01
-1.360599999999999865e-01 5.150699300000000136e+01
-1.368759999999999977e-01 5.149048700000000167e+01
-1.337480000000000058e-01 5.149304300000000012e+01
-1.374640000000000029e-01 5.151113200000000347e+01
-1.916609999999999980e-01 5.151529500000000183e+01
-1.336479999999999890e-01 5.151509000000000071e+01
