3.409461262854083467e-03
1.035875635840597091e-03
8.583497760219006064e-04
9.687702339734638500e-04
8.836329545492231652e-04
9.584287915696820814e-04
9.103955571438183177e-04
8.983780300716764011e-04
9.245517682527877937e-04
8.970181667107469557e-04
9.928365750315570719e-04
8.067241334568516723e-04
7.676467781089254660e-04
8.557870425639779472e-04
8.462551490550140670e-04
8.978092786742128927e-04
9.462693559956189592e-04
9.718369102216734348e-04
1.803341955500229257e-03
1.451154105866173973e-03
2.320999587933466907e-03
1.566188824909732578e-03
1.979643714816133482e-03
2.016480703657351752e-03
2.086057213020537076e-03
1.788367815073100067e-03
2.199380649617700256e-03
2.754953552028801232e-03
1.930696455551124142e-03
1.803536940016648403e-03
2.094218627965672205e-03
2.268156549204299131e-03
2.247551322986369397e-03
2.033661688897821576e-03
2.172120808571491486e-03
1.782568562120574046e-03
2.153450342755739051e-03
1.653943589891062379e-03
1.975612172493838078e-03
1.104858252536293755e-03
1.142871852814700750e-03
1.161704898843284256e-03
1.177818218150008872e-03
1.150900298376145679e-03
1.259620089084213020e-03
1.043991237804796877e-03
1.149264439739826251e-03
1.144799350183315018e-03
1.178953486165378083e-03
1.057433436845044714e-03
1.135339528315090643e-03
1.127215545927549249e-03
1.080942200403463456e-03
1.267128948398466275e-03
9.481745055686549529e-04
1.041797242973913464e-03
1.325548320819268031e-03
1.062632092791408441e-03
1.331687818959471003e-03
1.051514064491286364e-03
9.864261098699691251e-04
1.327651248383170590e-03
1.518180731753894291e-03
9.312482851977758489e-04
1.226947611948980138e-03
1.085562048444353332e-03
1.228429270795810537e-03
1.411556605576166478e-03
1.166758852813279575e-03
1.875556622131413454e-03
1.617047379391561932e-03
1.135862466731618918e-03
1.268731285341418401e-03
1.850271767519422487e-03
1.157955497440162854e-03
1.117110431462006032e-03
1.162032294048503988e-03
1.244140888477018002e-03
1.069844843814251245e-03
9.626592292726229546e-04
1.301950166078536843e-03
2.131267920864882669e-03
1.181104461489773574e-03
1.881009484252478287e-03
2.456635622330729032e-03
1.914617775327545623e-03
2.168947421599396515e-03
2.138968971221107650e-03
2.626620218531583971e-03
1.572828354975996370e-03
1.532745907521943516e-03
1.508775661984836265e-03
6.580140799514913423e-04
2.036387002568575307e-03
2.070076304402613046e-03
2.109596146102986521e-03
1.018472848729014236e-03
1.757508861549032710e-03
1.980550476621716245e-03
1.976817836065278278e-03
1.910736521930513033e-03
1.504135142233036524e-03
1.962148184352901364e-03
3.055933662875118771e-03
1.893615317043214567e-03
2.529926894013889878e-03
1.785137441222280725e-03
2.164348245269416288e-03
3.044196600637482340e-03
1.696413899302638782e-03
3.252652368231206785e-03
1.654538041253440653e-03
2.106293700611427781e-03
2.369715547514242814e-03
2.034724326577561776e-03
1.842452832541522549e-03
1.418892828169578645e-03
1.758548034043416058e-03
1.507671680883276334e-03
2.958131887696749136e-03
2.380073750764708125e-03
1.967479809682954640e-03
1.464177283739331826e-03
1.401747599402033712e-03
1.475327157648152580e-03
1.467663539849520899e-03
1.611260417726603951e-03
2.029027873484695252e-03
2.147167260028946464e-03
7.376046365132390287e-04
1.531626282963478945e-03
1.823342673847770266e-03
7.854724972518245182e-04
1.516652701231239369e-03
1.822587877052118726e-03
1.621779525105231925e-03
1.614351117855060110e-03
1.442833462877544807e-03
1.530827349271560688e-03
1.853700478055997792e-03
1.560698530231074228e-03
1.696787107488793639e-03
1.684107526972649553e-03
1.360849457409378949e-03
1.626203829934813258e-03
1.685108708214549987e-03
1.774475307951952534e-03
9.086021465486730439e-04
2.083356481924919859e-03
1.890416788801094119e-03
1.749679870063122755e-03
1.703186957447481954e-03
1.406046197881487877e-03
1.289884032551012489e-03
2.061269038165270111e-03
1.441198162936114992e-03
9.428344998152597429e-04
1.946710885862415258e-03
1.263558329359969765e-03
1.304612347226781965e-03
1.174084460203792110e-03
9.234388480329966398e-04
1.367037003310075070e-03
1.581528351794564196e-03
7.682456990304194601e-04
8.430487990844411908e-04
2.306064556148599426e-03
1.905233377269397463e-03
1.371438401649188732e-03
1.619377137080582531e-03
1.459722250690830610e-03
1.680473216716755471e-03
1.255112538716103262e-03
1.216745284572672264e-03
1.401537530123599324e-03
1.798626570633242699e-03
1.185129299473395561e-03
1.774450725376816671e-03
1.147129107872335400e-03
1.210926477299015388e-03
1.546514384377632289e-03
1.156396738698587832e-03
1.291899245017270794e-03
1.779822576738910884e-03
1.596558920405528144e-03
1.843414905141161275e-03
1.108433341133905877e-03
1.219347126672856631e-03
1.808023818673848296e-03
1.366104541539577433e-03
2.255979794088662851e-03
1.578987966132219811e-03
1.407080900816755614e-03
1.636113401189047498e-03
1.355572584178492022e-03
9.530826401725028514e-04
1.505759268276677526e-03
2.286588452302255100e-03
1.504118381386353089e-03
1.412352745793637532e-03
2.000616562271323451e-03
1.378893626254054433e-03
1.470297786253293559e-03
1.712007632362171723e-03
1.436446462901313928e-03
1.981882963933062625e-03
1.351242698785228361e-03
1.210102961031961051e-03
1.273395270278575211e-03
1.593925791391534496e-03
1.748407721799837564e-03
1.658063406005891435e-03
1.321183796342858272e-03
1.298460557799010952e-03
1.552513650100582464e-03
1.652230631359998328e-03
9.352496579960407680e-04
1.303410035824678365e-03
1.254309135465069393e-03
1.118255197290496080e-03
1.463330302286920638e-03
1.000934857454183593e-03
1.543195736734279296e-03
1.453720191493433232e-03
1.133316494120379910e-03
2.074557037416029353e-03
1.905290922843011015e-03
2.076094565751804896e-03
8.973589705933135213e-04
1.727609745845046490e-03
1.557979362204104734e-03
1.689795040947284855e-03
2.045645694276596298e-03
1.737043867748355990e-03
1.507302942256237089e-03
2.241274385903361047e-03
1.743812456334083551e-03
2.341121543072019473e-03
1.623163971041297450e-03
1.950403859081702119e-03
1.262298472384252397e-03
1.748575330266673427e-03
1.453467102708510704e-03
1.281053301128312486e-03
2.290389812330095864e-03
1.920551673748429819e-03
1.507716376474432666e-03
2.128068833927872390e-03
1.643188713269084925e-03
1.800564124509866984e-03
1.214861924100324930e-03
1.086183317161425492e-03
1.306699631333779884e-03
1.399236824568830416e-03
1.744281201346334874e-03
1.317134375784100421e-03
1.215355810382601730e-03
1.179514415834389271e-03
9.714184477494728492e-04
1.277391056127945724e-03
1.125740032724502869e-03
1.480066566395385605e-03
8.865616331597377586e-04
1.393242028404995635e-03
1.332353224572810097e-03
1.106692447858369146e-03
1.233705026636918670e-03
1.158023658216676037e-03
1.130435304575468959e-03
8.006064244173373597e-04
9.356128096741854992e-04
1.085492770278061138e-03
1.353024935482584606e-03
1.427387225268827694e-03
8.917552608520962600e-04
1.081171824003028916e-03
1.071162246363582381e-03
9.500483682278815581e-04
1.278195576768758604e-03
9.127018496474818485e-04
1.092217221967521981e-03
1.564787618126983618e-03
1.534137057796682458e-03
1.241012755790968543e-03
1.389269707740982190e-03
1.218607414639220335e-03
1.347189926057133693e-03
1.408543564037344556e-03
1.195100327165469784e-03
1.092984868745630741e-03
1.388352889427389410e-03
1.310270809067165792e-03
1.449866872840873322e-03
1.194019252554377524e-03
1.867969545532636782e-03
1.508079528152577288e-03
1.262306294112704825e-03
1.633340039757801053e-03
1.730584237436496101e-03
9.559409232269462393e-04
1.143321043505821435e-03
1.154079272297135273e-03
1.370985858788731446e-03
1.070620871015702047e-03
1.712692592296641671e-03
7.999896252593808113e-04
1.061668902801990704e-03
1.189943014640925788e-03
1.392301744906045786e-03
1.361782477874766200e-03
1.590228348613132022e-03
1.458351213432112136e-03
1.019297482385847367e-03
1.330764855002094203e-03
9.959138664826661796e-04
1.536054498657286275e-03
1.282947835498448848e-03
1.275556302110980719e-03
1.502730583280950747e-03
1.095480000121929615e-03
1.192735371698413691e-03
1.122981197360382053e-03
1.537438944593351800e-03
1.872240209267618267e-03
1.892296238409215238e-03
9.037130075710666025e-04
9.891598039640644643e-04
1.385608021435504825e-03
1.010270090362060027e-03
1.119633497582777585e-03
9.336462036633096312e-04
9.849500379720333484e-04
8.461411752975655414e-04
1.394637648238850188e-03
1.134842848558366424e-03
1.153316095078142124e-03
9.780635647646312644e-04
1.212922135444142839e-03
1.466262891761661337e-03
1.567474381850364820e-03
1.840438178770153858e-03
2.048045847521687886e-03
2.537994448217596732e-03
1.766264727856545896e-03
1.837669286898022808e-03
2.313303565831246935e-03
1.784477063862946857e-03
2.058958276102491186e-03
2.506671777935282844e-03
1.536651184799222572e-03
1.977766499987570169e-03
1.820508414673573236e-03
1.872417874242464581e-03
1.787282829597781593e-03
2.135330191406097956e-03
2.012720687051330719e-03
1.838733600662431633e-03
3.316857026232298330e-03
4.628677096227918307e-03
3.587212276713229800e-03
2.213627369298760972e-03
4.020443289621611696e-03
2.082233505197118254e-03
2.594903109657316614e-03
1.469588243743687747e-03
4.370312555464435193e-03
3.131079242896375476e-03
2.636132557719417322e-03
1.709137058020160404e-03
2.716031513860143066e-03
4.325792394503454388e-03
3.262241807313784325e-03
3.139790413612732548e-03
1.676274065927623770e-03
2.755779303075413158e-03
1.012586998068622972e-03
1.297835936912602193e-03
1.173953166904770536e-03
1.746784154451085959e-03
8.867962850133081186e-04
1.119185424281435911e-03
1.250332345241940337e-03
1.188623377312037063e-03
1.523907913065680698e-03
1.011704818838176289e-03
1.100660219136941282e-03
1.010129299249917616e-03
1.465489099339768340e-03
1.435887768011860546e-03
1.015385500769894894e-03
1.333924833296842340e-03
1.417985507669106485e-03
1.867353305069569631e-03
2.031647593821342065e-03
2.057414043428042009e-03
1.606130481251643238e-03
1.842218180687952298e-03
1.655676661438146681e-03
1.970606266284335908e-03
1.625452944003387933e-03
1.857926446199823162e-03
2.027646779717966544e-03
1.907518439367261731e-03
1.758085993369838153e-03
1.573325593427609770e-03
1.742021839213385480e-03
1.397319942403115779e-03
1.700756634678359880e-03
1.616969162107038515e-03
1.770342083159776644e-03
1.684487439497477828e-03
1.592687723516505787e-03
1.319896563317557838e-03
2.020017242307591346e-03
2.002530650962590451e-03
1.538287602130431397e-03
1.825175751780066646e-03
1.307325928304857053e-03
1.440935576338071844e-03
1.858775662431792156e-03
1.534295727145287098e-03
1.571064555209992185e-03
1.814546022813326963e-03
1.990266739444199965e-03
1.478231253683531202e-03
1.792836256798948117e-03
1.516726448956647174e-03
1.727423141751968953e-03
1.692759476030724448e-03
1.270577213256172434e-03
1.635228428484153396e-03
1.135124989477540427e-03
1.312969864078115034e-03
9.736331142912660200e-04
1.597000289368196184e-03
1.003594803822871126e-03
9.723078900134825633e-04
1.780253330498679292e-03
1.025922486384985531e-03
9.778914867386795731e-04
1.013149603822302569e-03
1.349282797113026018e-03
9.290872533653702324e-04
9.524742214378881288e-04
1.710237686952383518e-03
9.972552929122437820e-04
1.599638446636195057e-03
1.875838204355698060e-03
1.290586870721944666e-03
1.752433118478348949e-03
1.295270409980232330e-03
1.029306501330404505e-03
1.120148055575964034e-03
1.416603296512598765e-03
1.059030745533992048e-03
9.713217935335973722e-04
7.741114366747903642e-04
1.077211235931693897e-03
1.283351771903523588e-03
1.344198114924110817e-03
8.775705563037647068e-04
8.256124902794911413e-04
1.022988220825576423e-03
9.838795785638407201e-04
1.048786516040975045e-03
1.133452256978517095e-03
1.241344061860414488e-03
1.936582864906404803e-03
9.229052944135687341e-04
1.139712433214842011e-03
1.274164034446462982e-03
1.205529484666895915e-03
1.331571051727575275e-03
1.335293077081113611e-03
1.644364766011384253e-03
1.163549150673369881e-03
9.363257043531280190e-04
1.082560739498209836e-03
1.337353543833417644e-03
1.213518821586078919e-03
1.016029117282545328e-03
1.145939087757799841e-03
1.001544393578577326e-03
1.076470965203168203e-03
1.551863329249258830e-03
1.291256187199509757e-03
1.369996968834399052e-03
1.135714971280803306e-03
1.735842673736031185e-03
1.180796620605684697e-03
1.504989945413900358e-03
2.001888710534608859e-03
1.912732180075640484e-03
1.658326551298823981e-03
1.577349314021452963e-03
1.564435081651738410e-03
1.241833478583575677e-03
1.702948953424574885e-03
1.089408662758239825e-03
2.149113753023801972e-03
2.003769277532508556e-03
1.992571355863195087e-03
1.958516108876564871e-03
2.261247169506429375e-03
1.679410020342125658e-03
1.916389955516891635e-03
2.016354997307224801e-03
1.521540722819066799e-03
1.257267424904724967e-03
1.481720303268167479e-03
1.496304474662458160e-03
2.086898607524053859e-03
1.853065800661578798e-03
1.662367591434240222e-03
1.945924243458065040e-03
1.160799254427480505e-03
1.187405422453028606e-03
2.164267793205335282e-03
1.184366122254402413e-03
1.741446383477248446e-03
1.437306294336182771e-03
1.245314147744870127e-03
1.875424770137502483e-03
2.394607080924058672e-03
1.750315664847320761e-03
1.357005077875050479e-03
1.575455897041095612e-03
2.087221533170157978e-03
1.828454173391379136e-03
2.125687676309022476e-03
1.102999474639082501e-03
1.015730215516687674e-03
1.376209656005120434e-03
1.279580022704823912e-03
1.117215466101223334e-03
1.307469512891446450e-03
1.203341635479796522e-03
9.567582938502165561e-04
1.054744438342105706e-03
1.318755149658404607e-03
1.096786787468360903e-03
1.407036763920488896e-03
1.380289246087908987e-03
1.094697827276694792e-03
1.273824347953675428e-03
1.199986113973739625e-03
1.069019651462528716e-03
1.393097885123516840e-03
1.519433325696048628e-03
1.413037705728107480e-03
3.127560582482598328e-03
1.903019828117383195e-03
1.523529676625520832e-03
1.460657505935775667e-03
1.222967469556514265e-03
1.798516507740020387e-03
1.411055456260326864e-03
1.279894009232696809e-03
4.431158898485022639e-03
1.413241070667868452e-03
2.434215755111854979e-03
1.633461835243701791e-03
1.493476361132045366e-03
1.579852267126204048e-03
1.850417586885569907e-03
1.070119163004972819e-03
9.483186488501339642e-04
1.223857470515413593e-03
1.232827316965587382e-03
1.124024280718991615e-03
1.061916963332908007e-03
1.308137153284343350e-03
1.123316414294053996e-03
1.115927115686143889e-03
1.306620855354366853e-03
1.045449431466269992e-03
1.286193294111283433e-03
1.067157521395980645e-03
1.179333398690206357e-03
1.143854038430359944e-03
1.280618077809428249e-03
1.130273283057527502e-03
1.024989465919598280e-03
1.176364494047651152e-03
1.286091611641402947e-03
2.744550653187179372e-03
2.334035057094193018e-03
2.304172815252910483e-03
2.907234783267547470e-03
2.626739779237927119e-03
1.787690676867082547e-03
1.808051194723431579e-03
1.972505828908477279e-03
2.577193599051423676e-03
2.905741950522928042e-03
2.526731159246216850e-03
1.425181497845265854e-03
2.863914698929112459e-03
2.609447613714455973e-03
2.663278425008177349e-03
3.051314932224007907e-03
1.692649413137502137e-03
2.298655144524668851e-03
2.099118940841067458e-03
2.167036685077465899e-03
2.972273572738592766e-03
2.807613338834228506e-03
3.736736907367413027e-03
1.846300005550298440e-03
1.217428568422473587e-03
1.763705905262849451e-03
3.479104256909113565e-03
5.981094171670777587e-03
3.531510396234728913e-03
2.376158975674308449e-03
2.035003674022288576e-03
3.922216906327257238e-03
1.533939279805815892e-03
3.090958245494950310e-03
3.643180095959110219e-03
2.259991223394938221e-03
2.573679408196762140e-03
2.629508671110058170e-03
1.657030937850181504e-03
4.288095015532477662e-03
