-1.486230576820614990e+00
-3.035619863186729717e+00
-3.581713423636722293e+00
-3.035255689372477139e+00
-3.872918950315423103e+00
-3.349153692617698130e+00
-3.829905936348268369e+00
-3.901686349047085667e+00
-3.488256641675890890e+00
-3.873257768498992171e+00
-3.926613482752884465e+00
-3.177893957945553183e+00
-3.405397636709274423e+00
-3.574909015230849363e+00
-4.862124717729895629e+00
-4.706329783612407169e+00
-4.173306612003217175e+00
-4.688312176198640380e+00
-4.716566322341464002e+00
-4.683581472062414264e+00
-4.353305218904641727e+00
-4.678041563298943828e+00
-4.660474084216462920e+00
-4.769489552227013540e+00
-4.439123987994865850e+00
-4.606678698450715537e+00
-4.808574201993831565e+00
-4.843117552881415655e+00
-4.747055387945108507e+00
-4.532539836282514223e+00
-4.493676855435461803e+00
-4.158177996292764966e+00
-3.942278749876879207e+00
-4.491057803902324785e+00
-4.732830175050027677e+00
-5.085966426304820764e+00
-4.152828878317434302e+00
-4.154941911884596273e+00
-4.784494556461742931e+00
-4.906405522777914641e+00
-4.544467392670863859e+00
-4.371453825557131800e+00
-4.310356272185813964e+00
-4.185779674848561172e+00
-4.451793419970558219e+00
-4.648156246868690999e+00
-4.349672442363365477e+00
-4.813600460760418365e+00
-4.746688771029487164e+00
