1.054644933901727200e-03
1.447195769287645817e-03
1.159416628070175648e-03
1.213681418448686600e-03
1.174476929008960724e-03
1.432047574780881405e-03
1.097773551009595394e-03
1.168215298093855381e-03
1.520979683846235275e-03
1.363009912893176079e-03
1.311011845245957375e-03
1.235332107171416283e-03
1.334608416073024273e-03
1.388356322422623634e-03
1.180111430585384369e-03
1.256416668184101582e-03
1.213231356814503670e-03
1.234092633239924908e-03
1.534110633656382561e-03
1.178713864646852016e-03
1.370260259136557579e-03
1.190069480799138546e-03
1.274961512535810471e-03
1.221823855303227901e-03
1.228577690199017525e-03
1.590134226717054844e-03
1.405643182806670666e-03
1.258988049812614918e-03
9.613668080419301987e-04
1.475646975450217724e-03
8.877853397279977798e-04
1.806463696993887424e-03
1.270507695153355598e-03
1.267625135369598866e-03
1.136425766162574291e-03
1.194744370877742767e-03
1.533050555735826492e-03
1.132364966906607151e-03
1.051983796060085297e-03
1.629252801649272442e-03
1.119706081226468086e-03
1.226412015967071056e-03
1.470976392738521099e-03
1.071306178346276283e-03
1.100963563658297062e-03
1.258467207662761211e-03
1.204316155053675175e-03
1.170438947156071663e-03
1.306423218920826912e-03
1.245026360265910625e-03
1.332613872364163399e-03
1.363018178381025791e-03
1.399940229021012783e-03
1.900732167996466160e-03
1.360667753033339977e-03
1.173404860310256481e-03
1.043633674271404743e-03
9.990164544433355331e-04
1.351734390482306480e-03
1.433676457963883877e-03
8.216984570026397705e-04
1.159093109890818596e-03
1.311309752054512501e-03
1.365679316222667694e-03
1.672855811193585396e-03
1.422007451765239239e-03
1.113922335207462311e-03
1.836941344663500786e-03
1.145341084338724613e-03
1.248118933290243149e-03
1.219418016262352467e-03
1.244583982042968273e-03
1.474904362112283707e-03
1.328686252236366272e-03
9.403817821294069290e-04
1.122940331697463989e-03
1.343203126452863216e-03
1.170862931758165359e-03
9.753265767358243465e-04
1.463639782741665840e-03
1.374501967802643776e-03
1.254301751032471657e-03
9.729444864206016064e-04
1.261408440768718719e-03
1.665177056565880775e-03
1.052261912263929844e-03
1.180637744255363941e-03
1.259189448319375515e-03
1.259275129996240139e-03
1.283028279431164265e-03
1.136491307988762856e-03
1.355233136564493179e-03
9.988183155655860901e-04
1.117805833928287029e-03
1.302731456235051155e-03
1.459877705201506615e-03
1.563669880852103233e-03
1.155132194980978966e-03
1.564042642712593079e-03
1.395654049701988697e-03
1.277477946132421494e-03
1.249327207915484905e-03
1.370091806165874004e-03
1.030031009577214718e-03
1.425647060386836529e-03
1.216969685629010201e-03
1.186177716590464115e-03
1.265272381715476513e-03
1.349592581391334534e-03
1.337063498795032501e-03
1.397513085976243019e-03
1.212042989209294319e-03
1.312698004767298698e-03
1.623993273824453354e-03
1.356847700662910938e-03
1.056153560057282448e-03
1.102683134377002716e-03
1.028738333843648434e-03
1.301914104260504246e-03
8.562183356843888760e-04
1.041996292769908905e-03
1.253436203114688396e-03
1.208581379614770412e-03
1.468224450945854187e-03
1.675633247941732407e-03
1.216901699081063271e-03
1.265115337446331978e-03
1.272650319151580334e-03
1.075338572263717651e-03
1.326324651017785072e-03
1.244532410055398941e-03
1.141924760304391384e-03
1.106856623664498329e-03
1.459782361052930355e-03
1.178263337351381779e-03
9.779564570635557175e-04
1.306245336309075356e-03
1.684417948126792908e-03
1.156444195657968521e-03
9.201301145367324352e-04
1.075523323379456997e-03
1.213828334584832191e-03
1.390589983202517033e-03
1.268726889975368977e-03
1.171644777059555054e-03
1.532076275907456875e-03
1.186328940093517303e-03
1.371723134070634842e-03
1.403948990628123283e-03
1.571700442582368851e-03
1.572715118527412415e-03
1.263288664631545544e-03
9.762875270098447800e-04
9.634804446250200272e-04
1.385452807880938053e-03
9.681691299192607403e-04
1.452934346161782742e-03
1.017473638057708740e-03
1.035063061863183975e-03
1.171212177723646164e-03
1.523207407444715500e-03
1.405833056196570396e-03
1.720883767120540142e-03
1.322194118984043598e-03
1.180253108032047749e-03
1.482315594330430031e-03
1.466060057282447815e-03
1.167476060800254345e-03
1.065407763235270977e-03
1.462684129364788532e-03
1.033525448292493820e-03
9.907818166539072990e-04
1.358913956210017204e-03
1.239839242771267891e-03
1.165180467069149017e-03
1.015846733935177326e-03
1.345628756098449230e-03
1.348009682260453701e-03
1.192598952911794186e-03
1.102195703424513340e-03
1.151189091615378857e-03
1.341942348517477512e-03
1.199937309138476849e-03
1.169346855022013187e-03
1.153433346189558506e-03
1.240545534528791904e-03
9.536893339827656746e-04
1.286943326704204082e-03
1.286271493881940842e-03
1.240367419086396694e-03
1.325849792920053005e-03
1.492254086770117283e-03
1.015728339552879333e-03
1.241477788425981998e-03
1.134779420681297779e-03
1.503213541582226753e-03
1.441825064830482006e-03
1.010847277939319611e-03
1.241052639670670033e-03
1.490501570515334606e-03
1.196295488625764847e-03
1.154294004663825035e-03
1.288442756049335003e-03
1.405696850270032883e-03
1.120103173889219761e-03
1.846125815063714981e-03
1.025577541440725327e-03
1.383712631650269032e-03
1.033962238579988480e-03
9.977233130484819412e-04
1.423338660970330238e-03
1.175733748823404312e-03
1.377322478219866753e-03
1.545056351460516453e-03
1.559668919071555138e-03
1.269315951503813267e-03
1.180292107164859772e-03
1.284422236494719982e-03
1.489089918322861195e-03
1.110256533138453960e-03
1.345803844742476940e-03
1.223699655383825302e-03
9.272304596379399300e-04
1.442613545805215836e-03
1.108086900785565376e-03
1.276081660762429237e-03
1.346852397546172142e-03
1.254690461792051792e-03
1.033833017572760582e-03
1.008018152788281441e-03
1.160779502242803574e-03
1.307016587816178799e-03
1.131100230850279331e-03
1.399990171194076538e-03
1.188149908557534218e-03
1.652512699365615845e-03
1.336803659796714783e-03
1.234501367434859276e-03
1.147377886809408665e-03
1.218399498611688614e-03
1.136888866312801838e-03
1.337931724265217781e-03
1.249086577445268631e-03
1.231506234034895897e-03
9.411755017936229706e-04
1.425543450750410557e-03
1.371988910250365734e-03
1.455868012271821499e-03
1.230548834428191185e-03
1.384301343932747841e-03
1.333505148068070412e-03
1.547634485177695751e-03
1.045417157001793385e-03
1.039986149407923222e-03
1.269462518393993378e-03
1.582331839017570019e-03
1.679021050222218037e-03
1.082904636859893799e-03
1.195537624880671501e-03
1.419622334651648998e-03
1.006802194751799107e-03
1.342891366221010685e-03
1.339857699349522591e-03
1.109763979911804199e-03
1.111460034735500813e-03
1.261936384253203869e-03
1.141660148277878761e-03
1.164353918284177780e-03
1.266961800865828991e-03
1.226050197146832943e-03
1.133958809077739716e-03
1.329876482486724854e-03
9.889703942462801933e-04
1.152354408986866474e-03
1.377847394905984402e-03
1.203135354444384575e-03
1.138904364779591560e-03
1.204999280162155628e-03
1.130906166508793831e-03
1.483477069996297359e-03
1.543633406981825829e-03
1.306036603637039661e-03
1.290252199396491051e-03
1.249161781743168831e-03
1.175344455987215042e-03
1.211297581903636456e-03
1.346387900412082672e-03
1.125925220549106598e-03
1.394510734826326370e-03
1.519031124189496040e-03
9.166141971945762634e-04
1.025797217153012753e-03
1.462084008380770683e-03
1.007809769362211227e-03
1.164011657238006592e-03
1.438712584786117077e-03
1.110220560804009438e-03
1.242280355654656887e-03
1.232845126651227474e-03
1.404404989443719387e-03
1.449608244001865387e-03
1.503472332842648029e-03
1.371777965687215328e-03
1.276103779673576355e-03
1.153299468569457531e-03
1.214520307257771492e-03
1.454190001823008060e-03
8.991672075353562832e-04
1.114610466174781322e-03
1.450184849090874195e-03
1.061710179783403873e-03
1.360764843411743641e-03
8.909985190257430077e-04
1.287429593503475189e-03
1.249858876690268517e-03
9.276817436330020428e-04
1.343401963822543621e-03
1.153672812506556511e-03
1.138931256718933582e-03
1.277958741411566734e-03
1.393984071910381317e-03
1.451835152693092823e-03
1.241504563950002193e-03
1.290708314627408981e-03
1.340951188467442989e-03
1.250425470061600208e-03
1.149714691564440727e-03
8.477856754325330257e-04
1.411667326465249062e-03
1.054223743267357349e-03
1.449039205908775330e-03
1.238566590473055840e-03
1.192722236737608910e-03
1.596453366801142693e-03
1.554727437905967236e-03
9.766335133463144302e-04
1.411386183463037014e-03
1.168070943094789982e-03
1.142161199823021889e-03
1.025449833832681179e-03
1.185762812383472919e-03
1.304195495322346687e-03
1.298591261729598045e-03
1.227312604896724224e-03
1.217814045958220959e-03
8.372122538276016712e-04
1.222689519636332989e-03
9.165274095721542835e-04
1.048814039677381516e-03
9.371452033519744873e-04
1.451279502362012863e-03
1.493797404691576958e-03
9.663873934186995029e-04
1.217800658196210861e-03
1.140922424383461475e-03
1.166809001006186008e-03
1.533417147584259510e-03
1.188683323562145233e-03
1.437521539628505707e-03
1.159235020168125629e-03
1.145381364040076733e-03
1.251174719072878361e-03
1.252467744052410126e-03
9.400863782502710819e-04
1.372198457829654217e-03
1.210307702422142029e-03
7.992919418029487133e-04
1.510411035269498825e-03
1.334113301709294319e-03
1.303241821005940437e-03
1.016572001390159130e-03
9.525378118269145489e-04
1.461728825233876705e-03
1.343202777206897736e-03
1.543685211800038815e-03
1.438059727661311626e-03
1.692707417532801628e-03
1.187814283184707165e-03
1.066710567101836205e-03
1.186482259072363377e-03
1.000492949970066547e-03
1.036328030750155449e-03
9.701926610432565212e-04
1.405799994245171547e-03
1.101365429349243641e-03
1.214561401866376400e-03
1.429705764167010784e-03
1.319581409916281700e-03
1.098627690225839615e-03
1.408404903486371040e-03
1.497676479630172253e-03
1.300202333368360996e-03
1.079100184142589569e-03
1.268660416826605797e-03
1.367788412608206272e-03
1.158064231276512146e-03
1.284347381442785263e-03
1.170534756965935230e-03
1.379338791593909264e-03
1.257492462173104286e-03
1.011339947581291199e-03
1.395149622112512589e-03
1.114540966227650642e-03
1.202178769744932652e-03
1.504635321907699108e-03
9.247007546946406364e-04
1.357576926238834858e-03
1.509803347289562225e-03
1.126681570895016193e-03
1.671693287789821625e-03
1.257897703908383846e-03
1.273996662348508835e-03
1.559783006086945534e-03
1.448738621547818184e-03
9.983588242903351784e-04
1.091175945475697517e-03
1.057811430655419827e-03
1.154094119556248188e-03
1.016269205138087273e-03
1.299818744882941246e-03
9.946171194314956665e-04
1.398746506310999393e-03
1.022803713567554951e-03
9.083831682801246643e-04
1.232560141943395138e-03
1.117109670303761959e-03
1.201972248964011669e-03
1.278601353988051414e-03
1.185815897770226002e-03
1.337217050604522228e-03
1.193273230455815792e-03
1.292465487495064735e-03
1.141946413554251194e-03
8.128841873258352280e-04
1.080190064385533333e-03
1.444450579583644867e-03
1.240709214471280575e-03
1.405770657584071159e-03
9.783364366739988327e-04
1.262083998881280422e-03
1.174060744233429432e-03
1.277260016649961472e-03
1.327741774730384350e-03
1.300025149248540401e-03
1.361246337182819843e-03
1.056279055774211884e-03
1.488943817093968391e-03
1.095492392778396606e-03
1.218239776790142059e-03
9.523101616650819778e-04
1.537966774776577950e-03
1.200315309688448906e-03
1.265556318685412407e-03
1.466063666157424450e-03
1.363720162771642208e-03
1.500003505498170853e-03
1.083801966160535812e-03
9.869025088846683502e-04
1.103418297134339809e-03
1.157509512268006802e-03
9.277799981646239758e-04
1.422843313775956631e-03
1.101901754736900330e-03
1.200930448248982430e-03
1.290017738938331604e-03
1.109274686314165592e-03
1.086420379579067230e-03
1.067834207788109779e-03
1.133621553890407085e-03
1.115480321459472179e-03
1.418055733665823936e-03
1.440637861378490925e-03
1.309003098867833614e-03
1.338155358098447323e-03
1.073690480552613735e-03
1.473538810387253761e-03
1.336834742687642574e-03
1.389960059896111488e-03
1.019908115267753601e-03
1.120988512411713600e-03
1.665479387156665325e-03
1.195470686070621014e-03
1.251092995516955853e-03
1.404202077537775040e-03
1.071389764547348022e-03
1.442243345081806183e-03
1.085293712094426155e-03
1.360195223242044449e-03
1.123297261074185371e-03
1.051195431500673294e-03
1.004586345516145229e-03
1.116404775530099869e-03
1.184395281597971916e-03
1.270960667170584202e-03
1.243325881659984589e-03
1.188537455163896084e-03
1.490466762334108353e-03
1.195948920212686062e-03
1.485413289628922939e-03
1.371352118439972401e-03
1.373606966808438301e-03
1.311582163907587528e-03
1.360600581392645836e-03
1.068297657184302807e-03
1.018918934278190136e-03
1.605468685738742352e-03
1.293734065257012844e-03
1.336835324764251709e-03
1.466504647396504879e-03
1.097731874324381351e-03
9.915329283103346825e-04
1.455675577744841576e-03
1.054099178873002529e-03
1.483579864725470543e-03
1.327838283032178879e-03
1.513392082415521145e-03
1.574108144268393517e-03
1.318242866545915604e-03
1.367127057164907455e-03
1.326578669250011444e-03
1.105867559090256691e-03
9.616552852094173431e-04
1.530884183011949062e-03
1.049180282279849052e-03
1.417731749825179577e-03
1.311394269578158855e-03
8.428380242548882961e-04
1.434872392565011978e-03
1.094001228921115398e-03
1.061780261807143688e-03
1.449374482035636902e-03
1.033560838550329208e-03
8.270113030448555946e-04
1.018414390273392200e-03
1.322627649642527103e-03
1.058561378158628941e-03
1.056654029525816441e-03
1.228561974130570889e-03
1.136939041316509247e-03
1.436278456822037697e-03
1.281917328014969826e-03
9.777378290891647339e-04
1.608831924386322498e-03
8.661310421302914619e-04
1.411196659319102764e-03
1.009707222692668438e-03
1.292469329200685024e-03
1.175213837996125221e-03
8.996457909233868122e-04
1.314676483161747456e-03
1.212208182550966740e-03
1.020639203488826752e-03
1.308492152020335197e-03
1.296479487791657448e-03
1.119454624131321907e-03
1.283027813769876957e-03
1.309332554228603840e-03
1.144690555520355701e-03
1.140860258601605892e-03
1.027217949740588665e-03
1.022198703140020370e-03
1.687515527009963989e-03
1.319509465247392654e-03
1.428848481737077236e-03
1.359230373054742813e-03
1.123038935475051403e-03
1.250919420272111893e-03
9.604709339328110218e-04
1.235613948665559292e-03
9.625380625948309898e-04
1.372594502754509449e-03
1.333551132120192051e-03
1.064049312844872475e-03
1.275481423363089561e-03
1.208388479426503181e-03
1.113409060053527355e-03
1.257077907212078571e-03
1.374123850837349892e-03
1.135897939093410969e-03
1.437371131032705307e-03
1.159284263849258423e-03
1.524469815194606781e-03
1.038808724842965603e-03
1.122918794862926006e-03
1.381529029458761215e-03
1.258435659110546112e-03
9.280925733037292957e-04
1.221712096594274044e-03
1.317625283263623714e-03
1.505536842159926891e-03
1.088769058696925640e-03
1.593617722392082214e-03
9.256893536075949669e-04
1.216487144120037556e-03
1.284688711166381836e-03
1.675977720879018307e-03
1.417116727679967880e-03
1.139311934821307659e-03
1.263284822925925255e-03
1.148536801338195801e-03
1.318804104812443256e-03
1.421633991412818432e-03
9.570182301104068756e-04
1.250681234523653984e-03
1.289266510866582394e-03
9.945296915248036385e-04
1.042682211846113205e-03
8.547256002202630043e-04
1.599408802576363087e-03
1.196691533550620079e-03
1.137469080276787281e-03
1.376772648654878139e-03
1.287212711758911610e-03
1.247256295755505562e-03
1.245208200998604298e-03
1.389945740811526775e-03
1.029748702421784401e-03
1.140620093792676926e-03
8.523003198206424713e-04
1.234431867487728596e-03
1.034774119034409523e-03
1.453460427001118660e-03
1.293784938752651215e-03
1.231642207130789757e-03
1.244897139258682728e-03
1.447564107365906239e-03
1.165516441687941551e-03
1.231927657499909401e-03
1.399819739162921906e-03
1.507552457042038441e-03
1.347686047665774822e-03
1.273520290851593018e-03
1.034469227306544781e-03
1.293436391279101372e-03
1.083075883798301220e-03
1.106615294702351093e-03
1.164583954960107803e-03
1.347580342553555965e-03
1.183485612273216248e-03
1.584024168550968170e-03
1.302977325394749641e-03
1.262813108041882515e-03
1.135097933001816273e-03
1.258671400137245655e-03
1.288697589188814163e-03
1.291236607357859612e-03
9.849357884377241135e-04
1.450542360544204712e-03
1.189197646453976631e-03
1.062767347320914268e-03
1.204166095703840256e-03
1.136772450990974903e-03
1.378394546918570995e-03
1.261164783500134945e-03
1.254871371202170849e-03
1.655095256865024567e-03
1.339914044365286827e-03
9.781181579455733299e-04
1.039484282955527306e-03
1.105597009882330894e-03
1.229620072990655899e-03
1.020652824081480503e-03
1.180638442747294903e-03
1.580213196575641632e-03
1.074632978998124599e-03
1.322180847637355328e-03
1.508646178990602493e-03
9.107980295084416866e-04
1.039564725942909718e-03
1.088340533897280693e-03
1.027956372126936913e-03
8.826137054711580276e-04
1.317983376793563366e-03
1.075799111276865005e-03
1.431996352039277554e-03
8.147249463945627213e-04
1.132607692852616310e-03
1.363804331049323082e-03
1.081296592019498348e-03
1.022690790705382824e-03
1.209752168506383896e-03
9.676020126789808273e-04
1.199718448333442211e-03
1.158313942141830921e-03
1.292031840421259403e-03
1.447709277272224426e-03
1.312376465648412704e-03
1.495116157457232475e-03
1.120233791880309582e-03
1.245253137312829494e-03
1.323638367466628551e-03
1.159404055215418339e-03
1.386487390846014023e-03
1.106553943827748299e-03
1.889912178739905357e-03
9.922357276082038879e-04
9.767547016963362694e-04
1.106464071199297905e-03
1.179227139800786972e-03
1.325628953054547310e-03
1.125505892559885979e-03
1.207364955917000771e-03
9.800113039091229439e-04
1.368869212456047535e-03
1.226928434334695339e-03
1.157223945483565331e-03
1.277078641578555107e-03
1.533740432932972908e-03
1.114208949729800224e-03
1.316577079705893993e-03
1.063603674992918968e-03
1.563403522595763206e-03
1.496450742706656456e-03
8.309406694024801254e-04
1.051285653375089169e-03
1.230541500262916088e-03
9.885040344670414925e-04
1.184100052341818810e-03
9.426876786164939404e-04
1.570203457958996296e-03
1.243216684088110924e-03
1.425482914783060551e-03
1.336744055151939392e-03
1.225235289894044399e-03
1.247034757398068905e-03
1.785901491530239582e-03
1.219765399582684040e-03
1.405982533469796181e-03
1.516212825663387775e-03
1.062509953044354916e-03
2.023298526182770729e-03
1.304051373153924942e-03
1.310450257733464241e-03
1.188210328109562397e-03
1.071298262104392052e-03
1.338756061159074306e-03
1.346403034403920174e-03
1.120779779739677906e-03
1.179692801088094711e-03
1.227763597853481770e-03
1.496775075793266296e-03
1.565435552038252354e-03
1.280796597711741924e-03
1.143053756095468998e-03
9.436197578907012939e-04
1.309317769482731819e-03
1.118619227781891823e-03
1.133520039729773998e-03
1.156298792921006680e-03
1.342392177321016788e-03
1.013274304568767548e-03
8.738653850741684437e-04
1.207124674692749977e-03
1.040937961079180241e-03
1.139471773058176041e-03
1.083147595636546612e-03
1.169232651591300964e-03
1.196171855553984642e-03
1.051569590345025063e-03
1.095708925276994705e-03
1.120652654208242893e-03
9.369523613713681698e-04
1.174628501757979393e-03
9.682741947472095490e-04
1.366674783639609814e-03
1.272450550459325314e-03
1.472998294048011303e-03
1.179346232675015926e-03
1.360334688797593117e-03
1.023628865368664265e-03
1.402472378686070442e-03
1.296913367696106434e-03
1.345300814136862755e-03
1.201490289531648159e-03
1.365081290714442730e-03
1.235516276210546494e-03
1.095245592296123505e-03
1.198285608552396297e-03
1.046861871145665646e-03
1.670479658059775829e-03
1.097368192858994007e-03
1.018850482068955898e-03
1.261065481230616570e-03
1.179484534077346325e-03
8.375386241823434830e-04
1.600911957211792469e-03
1.751391100697219372e-03
1.340597751550376415e-03
1.313506742008030415e-03
1.709410338662564754e-03
1.340312534011900425e-03
1.372857601381838322e-03
1.152257667854428291e-03
9.507898939773440361e-04
1.247398322448134422e-03
1.482286956161260605e-03
1.442869659513235092e-03
9.444892057217657566e-04
1.144076231867074966e-03
1.219148049131035805e-03
