1.150093041360378265e-03
1.365291886031627655e-03
1.426966628059744835e-03
1.179579179733991623e-03
1.212589908391237259e-03
1.174300676211714745e-03
1.152012147940695286e-03
1.523108105175197124e-03
1.327444799244403839e-03
1.104523078538477421e-03
1.286694896407425404e-03
1.261887140572071075e-03
1.345394877716898918e-03
1.063377596437931061e-03
1.069770311005413532e-03
1.039660652168095112e-03
1.227703411132097244e-03
1.309900893829762936e-03
1.405012211762368679e-03
1.092969207093119621e-03
1.148524694144725800e-03
1.229490851983428001e-03
1.314748427830636501e-03
1.297683338634669781e-03
1.286586397327482700e-03
1.387566328048706055e-03
1.244569779373705387e-03
1.341471681371331215e-03
1.077037537470459938e-03
1.164313871413469315e-03
1.040007802657783031e-03
1.368455588817596436e-03
1.463090768083930016e-03
1.208513276651501656e-03
1.291039865463972092e-03
1.062178635038435459e-03
1.311986707150936127e-03
1.043224707245826721e-03
1.076461398042738438e-03
1.149971270933747292e-03
1.281015807762742043e-03
1.078157220035791397e-03
1.122596091590821743e-03
1.114549348130822182e-03
1.201092265546321869e-03
1.085555530153214931e-03
1.490428578108549118e-03
1.265872502699494362e-03
1.298829796724021435e-03
1.267127692699432373e-03
1.132371951825916767e-03
1.312171109020709991e-03
1.565634505823254585e-03
1.407662406563758850e-03
1.364145078696310520e-03
1.153167802840471268e-03
1.092154416255652905e-03
1.240797922946512699e-03
1.387159456498920918e-03
1.087320852093398571e-03
1.142510911449790001e-03
1.004625810310244560e-03
1.428517978638410568e-03
1.289224484935402870e-03
1.137000857852399349e-03
1.383561175316572189e-03
1.260439050383865833e-03
1.210398389957845211e-03
1.293181558139622211e-03
1.417213585227727890e-03
1.138189574703574181e-03
1.110626268200576305e-03
1.353488769382238388e-03
9.056798880919814110e-04
1.377722714096307755e-03
1.330347266048192978e-03
1.283017452806234360e-03
1.310500549152493477e-03
1.453967066481709480e-03
1.223978586494922638e-03
1.279374468140304089e-03
1.195527031086385250e-03
1.359731308184564114e-03
1.388327917084097862e-03
1.032198895700275898e-03
1.117273932322859764e-03
1.232828013598918915e-03
1.432807999663054943e-03
1.256587449461221695e-03
1.140892272815108299e-03
1.225337735377252102e-03
1.321232761256396770e-03
1.176120946183800697e-03
1.323609030805528164e-03
1.262810314074158669e-03
1.128150499425828457e-03
1.397907035425305367e-03
1.110309851355850697e-03
9.694481850601732731e-04
1.212906907312572002e-03
1.324577606283128262e-03
1.220548176206648350e-03
1.125240116380155087e-03
1.219652709551155567e-03
1.162023516371846199e-03
1.029296661727130413e-03
1.217593438923358917e-03
1.212663715705275536e-03
1.357347471639513969e-03
1.306290738284587860e-03
1.387884491123259068e-03
1.048805192112922668e-03
1.369622186757624149e-03
1.204895903356373310e-03
1.305407145991921425e-03
1.186628942377865314e-03
1.384946401230990887e-03
1.250922214239835739e-03
1.371239195577800274e-03
1.004947465844452381e-03
1.171347452327609062e-03
1.205632812343537807e-03
1.297964947298169136e-03
9.926391066983342171e-04
1.335646840743720531e-03
1.221026061102747917e-03
1.153451274149119854e-03
1.481992658227682114e-03
1.393023179844021797e-03
1.126167131587862968e-03
1.233009970746934414e-03
1.183589571155607700e-03
1.225137384608387947e-03
1.220988924615085125e-03
1.335283624939620495e-03
1.307471073232591152e-03
1.505529391579329967e-03
1.214750227518379688e-03
1.400937093421816826e-03
1.301988842897117138e-03
1.340607996098697186e-03
1.223605941049754620e-03
1.441274653188884258e-03
1.227826112881302834e-03
1.481002313084900379e-03
9.723823168314993382e-04
1.181579777039587498e-03
1.210730988532304764e-03
1.388100557960569859e-03
1.108868513256311417e-03
9.888586355373263359e-04
1.105138217099010944e-03
1.164317363873124123e-03
1.429697731509804726e-03
1.226177555508911610e-03
1.441232976503670216e-03
1.129848300479352474e-03
1.104562892578542233e-03
1.346717239357531071e-03
1.180089893750846386e-03
1.199998077936470509e-03
1.265012891963124275e-03
1.216938137076795101e-03
1.058529713191092014e-03
1.188083784654736519e-03
1.265559461899101734e-03
1.286294893361628056e-03
1.019516261294484138e-03
1.235734438523650169e-03
1.205151434987783432e-03
1.340758404694497585e-03
1.307897269725799561e-03
1.442659180611371994e-03
1.187458052299916744e-03
1.206203596666455269e-03
1.241808058694005013e-03
1.413080957718193531e-03
1.369716366752982140e-03
1.037469366565346718e-03
1.229721703566610813e-03
1.364341471344232559e-03
1.094270613975822926e-03
1.263147918507456779e-03
1.317668124102056026e-03
1.332816784270107746e-03
1.256683142855763435e-03
1.218255492858588696e-03
1.243159291334450245e-03
1.122326473705470562e-03
1.396728213876485825e-03
1.113448757678270340e-03
1.189150614663958549e-03
1.419548178091645241e-03
9.788639144971966743e-04
1.374498941004276276e-03
1.220408477820456028e-03
1.208495814353227615e-03
1.124552451074123383e-03
1.293698092922568321e-03
1.140834297984838486e-03
9.716287022456526756e-04
1.258134376257658005e-03
1.246658968739211559e-03
9.541764156892895699e-04
1.143819070421159267e-03
1.389544806443154812e-03
1.293297274969518185e-03
1.375410822220146656e-03
1.130747026763856411e-03
1.156606129370629787e-03
1.226938911713659763e-03
1.098153297789394855e-03
1.306068152189254761e-03
1.435383572243154049e-03
1.456545665860176086e-03
1.299119321629405022e-03
1.238951459527015686e-03
1.324867946095764637e-03
1.179150887764990330e-03
1.463262247852981091e-03
1.418758067302405834e-03
1.433430938050150871e-03
1.244442188180983067e-03
1.205262378789484501e-03
1.047813217155635357e-03
1.127812778577208519e-03
1.132881152443587780e-03
1.029974548146128654e-03
1.114851213060319424e-03
1.208376255817711353e-03
1.061884686350822449e-03
1.309567713178694248e-03
1.225148909725248814e-03
1.278075389564037323e-03
1.067065284587442875e-03
1.251294510439038277e-03
1.458308426663279533e-03
1.247480860911309719e-03
1.146591035649180412e-03
1.282589044421911240e-03
1.276336261071264744e-03
1.168942544609308243e-03
1.345074968412518501e-03
1.152079901657998562e-03
1.227731700055301189e-03
1.037964248098433018e-03
1.083021517843008041e-03
1.262045931071043015e-03
1.220553298480808735e-03
1.245832536369562149e-03
1.311237690970301628e-03
1.213293639011681080e-03
1.220094854943454266e-03
1.244750805199146271e-03
1.266032108105719090e-03
1.242302125319838524e-03
1.137190964072942734e-03
1.353211235255002975e-03
1.171812531538307667e-03
1.196164870634675026e-03
1.467827591113746166e-03
1.412624143995344639e-03
1.173932920210063457e-03
1.449472503736615181e-03
1.021874835714697838e-03
1.330798491835594177e-03
1.192798954434692860e-03
1.315752393566071987e-03
1.292237662710249424e-03
1.453611766919493675e-03
1.343930023722350597e-03
1.137936487793922424e-03
1.099139568395912647e-03
1.291110529564321041e-03
1.106522511690855026e-03
1.111918827518820763e-03
1.032867818139493465e-03
1.218105666339397430e-03
1.146706053987145424e-03
1.129334559664130211e-03
1.245496328920125961e-03
1.585918129421770573e-03
1.247136038728058338e-03
1.377211534418165684e-03
1.222429680638015270e-03
1.580058946274220943e-03
1.305736368522047997e-03
1.233041635714471340e-03
1.257184892892837524e-03
1.177113503217697144e-03
1.370999729260802269e-03
1.179786515422165394e-03
1.278615440241992474e-03
1.272141234949231148e-03
1.114479266107082367e-03
1.241445774212479591e-03
1.248118584044277668e-03
1.290831714868545532e-03
1.423573354259133339e-03
1.097446773201227188e-03
1.224247389473021030e-03
1.147710368968546391e-03
1.220048405230045319e-03
1.179740647785365582e-03
1.250507892109453678e-03
1.166571164503693581e-03
1.102877664379775524e-03
1.424110028892755508e-03
1.352487015537917614e-03
1.116546569392085075e-03
1.065410790033638477e-03
1.114888233132660389e-03
1.265047118067741394e-03
1.300263800658285618e-03
1.237085903994739056e-03
1.146239461377263069e-03
1.196795841678977013e-03
1.208130619488656521e-03
1.380643225274980068e-03
1.184496213681995869e-03
1.358006615191698074e-03
1.328191254287958145e-03
1.223647734150290489e-03
1.202695188112556934e-03
1.279670745134353638e-03
1.278588897548615932e-03
1.303695375099778175e-03
1.117284293286502361e-03
1.315171131864190102e-03
1.180652179755270481e-03
1.437135739251971245e-03
1.339362817816436291e-03
1.138041843660175800e-03
1.355251646600663662e-03
1.291021006181836128e-03
1.115560065954923630e-03
1.384534058161079884e-03
1.104036346077919006e-03
1.342315925285220146e-03
1.242265221662819386e-03
1.293018227443099022e-03
1.297313370741903782e-03
9.865991305559873581e-04
1.327370991930365562e-03
1.288017141632735729e-03
1.255390583537518978e-03
1.500563230365514755e-03
1.280669705010950565e-03
1.171605777926743031e-03
1.214321586303412914e-03
1.113554113544523716e-03
1.432943623512983322e-03
1.317082555033266544e-03
1.187234069220721722e-03
1.327833510003983974e-03
1.334878616034984589e-03
1.319563365541398525e-03
1.275792950764298439e-03
1.227325643412768841e-03
1.332913991063833237e-03
1.133217127062380314e-03
1.235000439919531345e-03
1.014642068184912205e-03
9.752300684340298176e-04
1.060419133864343166e-03
1.372570404782891273e-03
1.249111723154783249e-03
1.503255101852118969e-03
1.137233572080731392e-03
1.154003548435866833e-03
1.394145307131111622e-03
1.392155885696411133e-03
1.470117596909403801e-03
1.127846655435860157e-03
1.101137255318462849e-03
1.269673812203109264e-03
1.393669517710804939e-03
1.262419391423463821e-03
1.227667555212974548e-03
1.309145824052393436e-03
9.972942061722278595e-04
1.276603899896144867e-03
1.345968688838183880e-03
1.611401676200330257e-03
1.301801647059619427e-03
1.433430355973541737e-03
1.184600987471640110e-03
1.015129848383367062e-03
1.570963417179882526e-03
1.437291735783219337e-03
1.461061649024486542e-03
1.277980045415461063e-03
1.111812423914670944e-03
1.174240955151617527e-03
1.148370909504592419e-03
1.281965989619493484e-03
9.647161932662129402e-04
1.085471827536821365e-03
1.239006291143596172e-03
1.306587830185890198e-03
1.156410202383995056e-03
1.341619878076016903e-03
1.091532176360487938e-03
1.103976508602499962e-03
1.231554779224097729e-03
1.276027178391814232e-03
1.430810894817113876e-03
1.360478112474083900e-03
1.262838486582040787e-03
1.068414072506129742e-03
1.411115052178502083e-03
1.126917195506393909e-03
1.416019513271749020e-03
1.355298794806003571e-03
1.398342661559581757e-03
1.043458934873342514e-03
1.552965492010116577e-03
1.349741709418594837e-03
1.038408372551202774e-03
1.064552692696452141e-03
1.309760496951639652e-03
1.433224999345839024e-03
1.115167746320366859e-03
1.318363239988684654e-03
1.039799652062356472e-03
1.287609804421663284e-03
1.308625098317861557e-03
1.298594055697321892e-03
1.071549369953572750e-03
1.395722851157188416e-03
1.304264413192868233e-03
1.398337190039455891e-03
1.149216084741055965e-03
1.010996522381901741e-03
1.265972037799656391e-03
1.504280720837414265e-03
1.356831635348498821e-03
1.226330525241792202e-03
1.078247092664241791e-03
1.179329236038029194e-03
1.164724701084196568e-03
1.129905809648334980e-03
1.260169898159801960e-03
1.334589906036853790e-03
1.234302995726466179e-03
1.369731035083532333e-03
1.206609653308987617e-03
1.273726695217192173e-03
1.439547515474259853e-03
1.265375758521258831e-03
1.313105574809014797e-03
1.286121201701462269e-03
1.186989713460206985e-03
1.044708653353154659e-03
1.415284583345055580e-03
1.469206996262073517e-03
1.012255786918103695e-03
1.389318611472845078e-03
1.135572791099548340e-03
9.924873011186718941e-04
1.088654040358960629e-03
1.166206900961697102e-03
1.154650584794580936e-03
1.310919877141714096e-03
1.118443673476576805e-03
1.125644659623503685e-03
1.355814514681696892e-03
1.009126543067395687e-03
1.220945618115365505e-03
1.404734561219811440e-03
1.142646884545683861e-03
1.358812209218740463e-03
1.362523646093904972e-03
1.140756416134536266e-03
1.085151219740509987e-03
1.237813616171479225e-03
1.311945612542331219e-03
1.377629349008202553e-03
1.093634520657360554e-03
1.307986909523606300e-03
1.229068147949874401e-03
1.075207721441984177e-03
1.202775980345904827e-03
1.266534090973436832e-03
1.262891571968793869e-03
1.527359941974282265e-03
1.218991004861891270e-03
1.256129238754510880e-03
1.188073656521737576e-03
1.123611000366508961e-03
1.359613612294197083e-03
1.206211047247052193e-03
1.562129706144332886e-03
1.294999732635915279e-03
1.380197238177061081e-03
1.277897623367607594e-03
1.289171399548649788e-03
1.389968558214604855e-03
1.089851488359272480e-03
1.194892218336462975e-03
1.320157665759325027e-03
1.141544431447982788e-03
1.068334793671965599e-03
1.229267567396163940e-03
1.124024041928350925e-03
1.269625499844551086e-03
1.174754812382161617e-03
1.105770701542496681e-03
1.253100344911217690e-03
1.237347372807562351e-03
1.394343096762895584e-03
1.345588942058384418e-03
1.442337175831198692e-03
1.117007341235876083e-03
1.309323357418179512e-03
1.386912306770682335e-03
1.167181180790066719e-03
1.347985933534801006e-03
1.153771299868822098e-03
1.367872930131852627e-03
1.471824594773352146e-03
1.339944079518318176e-03
1.261533354409039021e-03
1.315354951657354832e-03
1.278438372537493706e-03
1.256577204912900925e-03
1.209118869155645370e-03
1.362885930575430393e-03
1.356833032332360744e-03
1.327169360592961311e-03
1.170013798400759697e-03
1.243657199665904045e-03
1.298936782404780388e-03
1.233957475051283836e-03
1.517639146186411381e-03
1.267029903829097748e-03
1.374992891214787960e-03
1.308188657276332378e-03
1.382391201332211494e-03
1.281539676710963249e-03
1.118458691053092480e-03
1.204364234581589699e-03
1.341213588602840900e-03
1.343115698546171188e-03
1.219305093400180340e-03
1.403662376105785370e-03
1.295751426368951797e-03
1.288779079914093018e-03
1.197012141346931458e-03
1.299105584621429443e-03
1.170822069980204105e-03
1.204387983307242393e-03
1.410702592693269253e-03
1.282224315218627453e-03
1.347190584056079388e-03
1.241821912117302418e-03
1.454114448279142380e-03
1.356490771286189556e-03
1.329684164375066757e-03
1.309593790210783482e-03
1.318766386248171329e-03
1.508124638348817825e-03
1.286779763177037239e-03
1.264038844965398312e-03
1.203237799927592278e-03
1.039956579916179180e-03
1.030924730002880096e-03
1.268576597794890404e-03
1.180255901999771595e-03
1.270392327569425106e-03
1.222717808559536934e-03
1.202943501994013786e-03
1.282314537093043327e-03
1.158807659521698952e-03
1.325694494880735874e-03
1.208610134199261665e-03
1.457249512895941734e-03
1.422639237716794014e-03
1.211377908475697041e-03
1.394443446770310402e-03
1.284128287807106972e-03
1.254850416444242001e-03
1.145420596003532410e-03
1.331701758317649364e-03
1.361281378194689751e-03
1.320184208452701569e-03
1.333363936282694340e-03
1.304349279962480068e-03
1.229755696840584278e-03
9.630249696783721447e-04
1.403807313181459904e-03
1.481088227592408657e-03
1.207635621540248394e-03
1.144562033005058765e-03
1.063368981704115868e-03
1.061553601175546646e-03
1.290828338824212551e-03
1.245505292899906635e-03
1.100197085179388523e-03
1.324366312474012375e-03
1.294731977395713329e-03
1.319346367381513119e-03
1.219713711179792881e-03
1.042837160639464855e-03
1.455057528801262379e-03
1.147707225754857063e-03
1.016705762594938278e-03
1.073682098649442196e-03
1.349831698462367058e-03
1.322289230301976204e-03
1.154076890088617802e-03
1.265102182514965534e-03
1.244494575075805187e-03
1.206076587550342083e-03
1.075696432963013649e-03
1.130269723944365978e-03
1.247590058483183384e-03
1.199081889353692532e-03
1.218202989548444748e-03
1.279125455766916275e-03
9.686385747045278549e-04
1.367344288155436516e-03
1.112792640924453735e-03
1.602996257133781910e-03
1.201972365379333496e-03
1.230340218171477318e-03
1.304980134591460228e-03
1.081924769096076488e-03
1.142845372669398785e-03
1.435814658179879189e-03
1.097686355933547020e-03
1.155485631898045540e-03
1.171810552477836609e-03
1.434247475117444992e-03
1.301659038290381432e-03
1.332346699200570583e-03
1.237264135852456093e-03
1.286852871999144554e-03
1.322155352681875229e-03
1.419340842403471470e-03
1.241837744601070881e-03
1.239930046722292900e-03
1.382510410621762276e-03
1.287327497266232967e-03
1.363905379548668861e-03
1.291153952479362488e-03
8.894981001503765583e-04
1.376729109324514866e-03
1.130226883105933666e-03
1.334234955720603466e-03
1.207351218909025192e-03
1.228701439686119556e-03
1.370642567053437233e-03
1.036693109199404716e-03
1.270346576347947121e-03
1.414593425579369068e-03
1.324860029853880405e-03
1.426352770067751408e-03
1.146157388575375080e-03
1.162435393780469894e-03
1.459482591599225998e-03
1.348784193396568298e-03
1.277439179830253124e-03
1.074607018381357193e-03
1.283569377847015858e-03
1.186468987725675106e-03
1.297027221880853176e-03
1.474315416999161243e-03
1.231751521117985249e-03
1.276123104616999626e-03
1.334650791250169277e-03
1.044129370711743832e-03
1.444984576664865017e-03
1.244224607944488525e-03
1.057112705893814564e-03
1.154632889665663242e-03
1.296819187700748444e-03
1.242831000126898289e-03
1.347282202914357185e-03
1.479262835346162319e-03
1.251056790351867676e-03
1.339238369837403297e-03
1.095838029868900776e-03
1.240841927938163280e-03
1.184211811050772667e-03
9.456002735532820225e-04
1.126864459365606308e-03
1.221421873196959496e-03
1.423337613232433796e-03
1.282835029996931553e-03
1.485424814745783806e-03
1.367271295748651028e-03
1.267239102162420750e-03
1.212075585499405861e-03
1.433328958228230476e-03
1.138964900746941566e-03
1.071375561878085136e-03
1.177261816337704659e-03
1.028601778671145439e-03
1.138607389293611050e-03
1.246832311153411865e-03
1.231322064995765686e-03
1.112515456043183804e-03
1.224868465214967728e-03
1.095181563869118690e-03
1.490256283432245255e-03
1.318454742431640625e-03
1.404960639774799347e-03
1.379364985041320324e-03
1.342589734122157097e-03
1.307190395891666412e-03
1.154780271463096142e-03
1.259337645024061203e-03
1.350331702269613743e-03
1.274419599212706089e-03
1.155516714788973331e-03
1.338505069725215435e-03
1.162272528745234013e-03
1.349392230622470379e-03
1.145780086517333984e-03
1.215748838149011135e-03
1.376706408336758614e-03
1.348823076114058495e-03
1.289767795242369175e-03
1.346489414572715759e-03
1.111223944462835789e-03
1.344091375358402729e-03
1.361483708024024963e-03
1.421620254404842854e-03
1.278557931073009968e-03
1.347949029877781868e-03
1.384269446134567261e-03
1.153245568275451660e-03
1.364168245345354080e-03
1.447431044653058052e-03
1.232108566910028458e-03
1.126239774748682976e-03
1.314620254561305046e-03
1.166025642305612564e-03
1.275192946195602417e-03
1.144076464697718620e-03
8.769959094934165478e-04
1.406146562658250332e-03
1.207790803164243698e-03
1.226279418915510178e-03
1.339372363872826099e-03
1.298958901315927505e-03
1.216407632455229759e-03
1.117722131311893463e-03
1.180096180178225040e-03
1.107125077396631241e-03
1.373528037220239639e-03
1.388772856444120407e-03
1.214863499626517296e-03
1.307840691879391670e-03
1.142893102951347828e-03
1.217725686728954315e-03
1.167064998298883438e-03
1.226929831318557262e-03
1.362192560918629169e-03
1.206059008836746216e-03
1.295075286179780960e-03
1.221769023686647415e-03
1.074634026736021042e-03
1.493096118792891502e-03
1.306702033616602421e-03
1.201083301566541195e-03
1.486706780269742012e-03
1.169222756288945675e-03
1.229786779731512070e-03
1.496565993875265121e-03
9.708239231258630753e-04
1.321907155215740204e-03
1.213749637827277184e-03
1.203227322548627853e-03
1.174397883005440235e-03
1.241050194948911667e-03
1.169418334029614925e-03
1.208912115544080734e-03
1.333651482127606869e-03
1.225762418471276760e-03
1.273810048587620258e-03
1.331917126663029194e-03
1.354988431558012962e-03
1.461566658690571785e-03
1.278578536584973335e-03
1.427018549293279648e-03
1.288684783503413200e-03
1.234396477229893208e-03
1.072059036232531071e-03
1.370816957205533981e-03
1.173470402136445045e-03
1.180924242362380028e-03
1.339414855465292931e-03
1.217750017531216145e-03
1.136055798269808292e-03
1.362683833576738834e-03
1.114826998673379421e-03
1.372138736769556999e-03
1.365287345834076405e-03
