1.247234526090323925e-03
1.266461214981973171e-03
1.257943455129861832e-03
1.258650096133351326e-03
1.275710994377732277e-03
1.282752840779721737e-03
1.287872786633670330e-03
1.282369485124945641e-03
1.240113633684813976e-03
1.284022931940853596e-03
1.204084488563239574e-03
1.284137368202209473e-03
1.246560714207589626e-03
1.258679432794451714e-03
1.269489526748657227e-03
1.234591589309275150e-03
1.255034236237406731e-03
1.208344125188887119e-03
1.259605283848941326e-03
1.264809747226536274e-03
1.212719711475074291e-03
1.221541548147797585e-03
1.273007364943623543e-03
1.288114464841783047e-03
1.264081452973186970e-03
1.253170426934957504e-03
1.241138554178178310e-03
1.232862006872892380e-03
1.265422441065311432e-03
1.240162295289337635e-03
1.257623545825481415e-03
1.230572350323200226e-03
1.237667980603873730e-03
1.257804920896887779e-03
1.230785273946821690e-03
1.265023136511445045e-03
1.261664554476737976e-03
1.206087647005915642e-03
1.235139905475080013e-03
1.259881537407636642e-03
1.288764295168220997e-03
1.241266843862831593e-03
1.239530160091817379e-03
1.216903445310890675e-03
1.243722275830805302e-03
1.227174070663750172e-03
1.266826409846544266e-03
1.240423065610229969e-03
1.314508146606385708e-03
1.280804048292338848e-03
1.241634949110448360e-03
1.233814633451402187e-03
1.239540288224816322e-03
1.247709733434021473e-03
1.256625982932746410e-03
1.237353892065584660e-03
1.211285823956131935e-03
1.260861987248063087e-03
1.272619119845330715e-03
1.226510968990623951e-03
1.282226061448454857e-03
1.269594300538301468e-03
1.268951105885207653e-03
1.242858357727527618e-03
1.233011600561439991e-03
1.235555391758680344e-03
1.285894541069865227e-03
1.280255499295890331e-03
1.235385891050100327e-03
1.236161100678145885e-03
1.281709177419543266e-03
1.253010355867445469e-03
1.209286157973110676e-03
1.266345381736755371e-03
1.230693887919187546e-03
1.231937087140977383e-03
1.256713527254760265e-03
1.214788760989904404e-03
1.251355395652353764e-03
1.267765299417078495e-03
1.233007176779210567e-03
1.243820297531783581e-03
1.234006718732416630e-03
1.268107211217284203e-03
1.232666894793510437e-03
1.268400927074253559e-03
1.254444476217031479e-03
1.242114114575088024e-03
1.239713863469660282e-03
1.240476849488914013e-03
1.271990244276821613e-03
1.235965872183442116e-03
1.288740895688533783e-03
1.264962949790060520e-03
1.254301052540540695e-03
1.246742904186248779e-03
1.272906665690243244e-03
1.258557196706533432e-03
1.258688280358910561e-03
1.274311565794050694e-03
1.253480673767626286e-03
1.262858510017395020e-03
1.273188390769064426e-03
1.242431579157710075e-03
1.220170292071998119e-03
1.255258801393210888e-03
1.227569766342639923e-03
1.266813720576465130e-03
1.264740596525371075e-03
1.287140883505344391e-03
1.251215580850839615e-03
1.261089229956269264e-03
1.225944142788648605e-03
1.261472352780401707e-03
1.231524278409779072e-03
1.221207436174154282e-03
1.274036709219217300e-03
1.252088230103254318e-03
1.218764460645616055e-03
1.281264121644198895e-03
1.227126107551157475e-03
1.258301082998514175e-03
1.239685574546456337e-03
1.269698841497302055e-03
1.209349022246897221e-03
1.264285412617027760e-03
1.221549930050969124e-03
1.261230441741645336e-03
1.233975752256810665e-03
1.234630355611443520e-03
1.285783248022198677e-03
1.265564700588583946e-03
1.274995389394462109e-03
1.238519209437072277e-03
1.239422941580414772e-03
1.274590380489826202e-03
1.228484557941555977e-03
1.276807510294020176e-03
1.259002718143165112e-03
1.273580361157655716e-03
1.216183416545391083e-03
1.219079713337123394e-03
1.267259940505027771e-03
1.214611926116049290e-03
1.266004517674446106e-03
1.267031882889568806e-03
1.222911872901022434e-03
1.235124887898564339e-03
1.252314308658242226e-03
1.252431189641356468e-03
1.267819432541728020e-03
1.269192434847354889e-03
1.243930193595588207e-03
1.270842971280217171e-03
1.260554417967796326e-03
1.263337093405425549e-03
1.283636200241744518e-03
1.273385947570204735e-03
1.245674910023808479e-03
1.285457750782370567e-03
1.245549297891557217e-03
1.238677767105400562e-03
1.241424004547297955e-03
1.252400106750428677e-03
1.264624530449509621e-03
1.226937165483832359e-03
1.255433307960629463e-03
1.245457679033279419e-03
1.276136143133044243e-03
1.225359155796468258e-03
1.242990489117801189e-03
1.220574951730668545e-03
1.252567511983215809e-03
1.257987925782799721e-03
1.256232266314327717e-03
1.224113628268241882e-03
1.250136760063469410e-03
1.249731751158833504e-03
1.230412628501653671e-03
1.245925086550414562e-03
1.263094833120703697e-03
1.298308838158845901e-03
1.226553460583090782e-03
1.256098039448261261e-03
1.258708653040230274e-03
1.226968481205403805e-03
1.201956183649599552e-03
1.259787590242922306e-03
1.243162550963461399e-03
1.263485988602042198e-03
1.239277073182165623e-03
1.272213063202798367e-03
1.255734590813517570e-03
1.269465661607682705e-03
1.248788903467357159e-03
1.244784682057797909e-03
1.243968261405825615e-03
1.259904238395392895e-03
1.243474194779992104e-03
1.277432660572230816e-03
1.238271011970937252e-03
1.264103222638368607e-03
1.268111867830157280e-03
1.262480276636779308e-03
1.246901927515864372e-03
1.232287497259676456e-03
1.251731649972498417e-03
1.268977066501975060e-03
1.238075317814946175e-03
1.268360880203545094e-03
1.240570913068950176e-03
1.239720848388969898e-03
1.207714900374412537e-03
1.245641731657087803e-03
1.293179462663829327e-03
1.226193620823323727e-03
1.243020291440188885e-03
1.225920161232352257e-03
1.213193405419588089e-03
1.253529684618115425e-03
1.233588787727057934e-03
1.246996340341866016e-03
1.255069626495242119e-03
1.268018502742052078e-03
1.273697125725448132e-03
1.289928564801812172e-03
1.238778582774102688e-03
1.243548002094030380e-03
1.258214353583753109e-03
1.226361724548041821e-03
1.247819978743791580e-03
1.228032866492867470e-03
1.219484372995793819e-03
1.248200540430843830e-03
1.254130038432776928e-03
1.239588367752730846e-03
1.233453396707773209e-03
1.263837562873959541e-03
1.239737146534025669e-03
1.254830625839531422e-03
1.273561152629554272e-03
1.243629492819309235e-03
1.285166945308446884e-03
1.237922464497387409e-03
1.237020478583872318e-03
1.242304104380309582e-03
1.236106269061565399e-03
1.281038857996463776e-03
1.243444392457604408e-03
1.306638820096850395e-03
1.279455376788973808e-03
1.253418391570448875e-03
1.223850180394947529e-03
1.243877108208835125e-03
1.288853702135384083e-03
1.273690024390816689e-03
1.228719367645680904e-03
1.301827142015099525e-03
1.228755805641412735e-03
1.236284151673316956e-03
1.269525033421814442e-03
1.258560689166188240e-03
1.266023493371903896e-03
1.231260132044553757e-03
1.262121251784265041e-03
1.262895530089735985e-03
1.254604896530508995e-03
1.251277979463338852e-03
1.282626879401504993e-03
1.251130714081227779e-03
1.259900280274450779e-03
1.231541275046765804e-03
1.221859827637672424e-03
1.217095297761261463e-03
1.230516005307435989e-03
1.232263515703380108e-03
1.247112406417727470e-03
1.292132423259317875e-03
1.285405247472226620e-03
1.271430519409477711e-03
1.229974091984331608e-03
1.220858306623995304e-03
1.282329205423593521e-03
1.234955387189984322e-03
1.204672618769109249e-03
1.241226564161479473e-03
1.239079399965703487e-03
1.236387644894421101e-03
1.253885449841618538e-03
1.230250927619636059e-03
1.238443423062562943e-03
1.268241903744637966e-03
1.256993622519075871e-03
1.240789308212697506e-03
1.248374697752296925e-03
1.239856239408254623e-03
1.263436861336231232e-03
1.230153953656554222e-03
1.204620581120252609e-03
1.233767252415418625e-03
1.251881360076367855e-03
1.245340565219521523e-03
1.260684337466955185e-03
1.270522247068583965e-03
1.276822760701179504e-03
1.251305802725255489e-03
1.277015660889446735e-03
1.255145994946360588e-03
1.248007989488542080e-03
1.214225543662905693e-03
1.257103402167558670e-03
1.246509142220020294e-03
1.250282977707684040e-03
1.276010647416114807e-03
1.268268330022692680e-03
1.250353641808032990e-03
1.232409849762916565e-03
1.285625272430479527e-03
1.214474672451615334e-03
1.263729063794016838e-03
1.269041560590267181e-03
1.264018588699400425e-03
1.261423924006521702e-03
1.254502101801335812e-03
1.261695870198309422e-03
1.266546780243515968e-03
1.251602894626557827e-03
1.239707344211637974e-03
1.229156972840428352e-03
1.253222348168492317e-03
1.255912007763981819e-03
1.222174032591283321e-03
1.237161341123282909e-03
1.217269455082714558e-03
1.273097353987395763e-03
1.231271075084805489e-03
1.250913599506020546e-03
1.237000222317874432e-03
1.229751738719642162e-03
1.270433072932064533e-03
1.255320734344422817e-03
1.274531707167625427e-03
1.241095713339745998e-03
1.276126131415367126e-03
1.243052887730300426e-03
1.297858892939984798e-03
1.237782300449907780e-03
1.235178089700639248e-03
1.237725140526890755e-03
1.245844992808997631e-03
1.254740636795759201e-03
1.256353454664349556e-03
1.226179301738739014e-03
1.244159298948943615e-03
1.251630368642508984e-03
1.279792282730340958e-03
1.245871069841086864e-03
1.251474954187870026e-03
1.238977070897817612e-03
1.263693091459572315e-03
1.231535454280674458e-03
1.274805516004562378e-03
1.246183412149548531e-03
1.272389316000044346e-03
1.244189799763262272e-03
1.233008690178394318e-03
1.284038531593978405e-03
1.249690307304263115e-03
1.263845828361809254e-03
1.204338739626109600e-03
1.236260170117020607e-03
1.284040976315736771e-03
1.238999539054930210e-03
1.235724543221294880e-03
1.264204038307070732e-03
1.230910653248429298e-03
1.253397902473807335e-03
1.227803295478224754e-03
1.247501350007951260e-03
1.296272384934127331e-03
1.271980348974466324e-03
1.214326592162251472e-03
1.248219632543623447e-03
1.256001298315823078e-03
1.236837590113282204e-03
1.254554023034870625e-03
1.229675021022558212e-03
1.271723653189837933e-03
1.281660282984375954e-03
1.274391077458858490e-03
1.238405588082969189e-03
1.239306875504553318e-03
1.245522638782858849e-03
1.219497178681194782e-03
1.215742318890988827e-03
1.260012970305979252e-03
1.262684003449976444e-03
1.251338166184723377e-03
1.255474635399878025e-03
1.309562125243246555e-03
1.216591685079038143e-03
1.218928373418748379e-03
1.228296663612127304e-03
1.225922722369432449e-03
1.247365726158022881e-03
1.306433579884469509e-03
1.234162016771733761e-03
1.250752015039324760e-03
1.282584154978394508e-03
1.290605403482913971e-03
1.275882357731461525e-03
1.241796649992465973e-03
1.258144038729369640e-03
1.219546771608293056e-03
1.285045174881815910e-03
1.266893814317882061e-03
1.246063387952744961e-03
1.253746333532035351e-03
1.240062178112566471e-03
1.251901732757687569e-03
1.258880482055246830e-03
1.247828942723572254e-03
1.271425280719995499e-03
1.201234059408307076e-03
1.261747675016522408e-03
1.239106641151010990e-03
1.211167545989155769e-03
1.270854030735790730e-03
1.246023224666714668e-03
1.246207626536488533e-03
1.236948883160948753e-03
1.230795518495142460e-03
1.248287269845604897e-03
1.251582754775881767e-03
1.250572968274354935e-03
1.269189524464309216e-03
1.256774179637432098e-03
1.247680047526955605e-03
1.227781060151755810e-03
1.251015462912619114e-03
1.228263019584119320e-03
1.283141667954623699e-03
1.248659449629485607e-03
1.234263181686401367e-03
1.263208338059484959e-03
1.211192226037383080e-03
1.239398261532187462e-03
1.247182488441467285e-03
1.222124439664185047e-03
1.253809081390500069e-03
1.258159638382494450e-03
1.228883047588169575e-03
1.261894591152667999e-03
1.223527011461555958e-03
1.263544894754886627e-03
1.242218539118766785e-03
1.238971133716404438e-03
1.266990671865642071e-03
1.217050012201070786e-03
1.272768247872591019e-03
1.239570556208491325e-03
1.215586671605706215e-03
1.259206794202327728e-03
1.228022621944546700e-03
1.237463788129389286e-03
1.269026310183107853e-03
1.244435319676995277e-03
1.233759569004178047e-03
1.246290048584342003e-03
1.257876167073845863e-03
1.303492696024477482e-03
1.249224878847599030e-03
1.238772412762045860e-03
1.227211556397378445e-03
1.249166904017329216e-03
1.257842639461159706e-03
1.261634868569672108e-03
1.256199902854859829e-03
1.253729336895048618e-03
1.256552641279995441e-03
1.252529560588300228e-03
1.267644576728343964e-03
1.289470354095101357e-03
1.253438880667090416e-03
1.226183609105646610e-03
1.258245669305324554e-03
1.248146640136837959e-03
1.257286174222826958e-03
1.265159808099269867e-03
1.224782085046172142e-03
1.196190947666764259e-03
1.235642354004085064e-03
1.260341843590140343e-03
1.265946193598210812e-03
1.245772349648177624e-03
1.238146098330616951e-03
1.211863826029002666e-03
1.233285758644342422e-03
1.227691420353949070e-03
1.290992018766701221e-03
1.257920055650174618e-03
1.252692891284823418e-03
1.277728355489671230e-03
1.227455679327249527e-03
1.214839168824255466e-03
1.269620959646999836e-03
1.247950713150203228e-03
1.279573421925306320e-03
1.245823805220425129e-03
1.230332069098949432e-03
1.215491443872451782e-03
1.245024614036083221e-03
1.284015015698969364e-03
1.241306657902896404e-03
1.261003781110048294e-03
1.252132002264261246e-03
1.246892032213509083e-03
1.251092180609703064e-03
1.294313929975032806e-03
1.254592440091073513e-03
1.227914472110569477e-03
1.248407410457730293e-03
1.242883270606398582e-03
1.268735853955149651e-03
1.247195876203477383e-03
1.267964369617402554e-03
1.223857514560222626e-03
1.260239863768219948e-03
1.276543480344116688e-03
1.226575230248272419e-03
1.238166587427258492e-03
1.285369624383747578e-03
1.268179039470851421e-03
1.267850399017333984e-03
1.246702508069574833e-03
1.237254124134778976e-03
1.230173744261264801e-03
1.211297698318958282e-03
1.240579062141478062e-03
1.287689781747758389e-03
1.247148844413459301e-03
1.244680141098797321e-03
1.234840601682662964e-03
1.248888904228806496e-03
1.243094913661479950e-03
1.254628878086805344e-03
1.273325411602854729e-03
1.253991504199802876e-03
1.243343111127614975e-03
1.248518703505396843e-03
1.258729724213480949e-03
1.274813083000481129e-03
1.264587743207812309e-03
1.249909168109297752e-03
1.246094121597707272e-03
1.219167374074459076e-03
1.291522872634232044e-03
1.215924276039004326e-03
1.234788564033806324e-03
1.256714807823300362e-03
1.261339173652231693e-03
1.247298670932650566e-03
1.226441003382205963e-03
1.234892406500875950e-03
1.235131872817873955e-03
1.265832921490073204e-03
1.240392797626554966e-03
1.277440460398793221e-03
1.298174611292779446e-03
1.246475032530725002e-03
1.218857476487755775e-03
1.231270493008196354e-03
1.259571406990289688e-03
1.300485106185078621e-03
1.268209889531135559e-03
1.265938743017613888e-03
1.235964708030223846e-03
1.248924294486641884e-03
1.231978181749582291e-03
1.215629745274782181e-03
1.244096783921122551e-03
1.272223424166440964e-03
1.250689965672791004e-03
1.218612887896597385e-03
1.251081237569451332e-03
1.239675213582813740e-03
1.236593932844698429e-03
1.219372497871518135e-03
1.265646889805793762e-03
1.252382178790867329e-03
1.214738585986196995e-03
1.220416044816374779e-03
1.223237952217459679e-03
1.223711995407938957e-03
1.255659386515617371e-03
1.273980014957487583e-03
1.225424930453300476e-03
1.232669339515268803e-03
1.268877298571169376e-03
1.282024895772337914e-03
1.233132206834852695e-03
1.255514682270586491e-03
1.247462583705782890e-03
1.243045553565025330e-03
1.251561334356665611e-03
1.220529666170477867e-03
1.245802268385887146e-03
1.247142790816724300e-03
1.215225900523364544e-03
1.308920443989336491e-03
1.283672987483441830e-03
1.295802067033946514e-03
1.294339890591800213e-03
1.230132766067981720e-03
1.263777841813862324e-03
1.238211989402770996e-03
1.262716483324766159e-03
1.242797821760177612e-03
1.271773478947579861e-03
1.247419510036706924e-03
1.245421241037547588e-03
1.309106359258294106e-03
1.211605849675834179e-03
1.259807730093598366e-03
1.275386661291122437e-03
1.279257587157189846e-03
1.246239757165312767e-03
1.260404009371995926e-03
1.233471208252012730e-03
1.253744587302207947e-03
1.227740780450403690e-03
1.234411960467696190e-03
1.257888972759246826e-03
1.263449201360344887e-03
1.229001325555145741e-03
1.292972359806299210e-03
1.253459951840341091e-03
1.255127019248902798e-03
1.196933328174054623e-03
1.223638886585831642e-03
1.264505088329315186e-03
1.246517058461904526e-03
1.276453491300344467e-03
1.232565031386911869e-03
1.232684589922428131e-03
1.250907662324607372e-03
1.214738236740231514e-03
1.232315087690949440e-03
1.208447967655956745e-03
1.276864088140428066e-03
1.252287300303578377e-03
1.242077560164034367e-03
1.222802326083183289e-03
1.245526131242513657e-03
1.275668968446552753e-03
1.257580472156405449e-03
1.264869002625346184e-03
1.226998167112469673e-03
1.248682732693850994e-03
1.268919208087027073e-03
1.251658308319747448e-03
1.217211713083088398e-03
1.261430210433900356e-03
1.229370827786624432e-03
1.243469538167119026e-03
1.259122043848037720e-03
1.276002964004874229e-03
1.281124190427362919e-03
1.223974046297371387e-03
1.203376101329922676e-03
1.256874762475490570e-03
1.225302927196025848e-03
1.239678822457790375e-03
1.255017821677029133e-03
1.258267904631793499e-03
1.298453076742589474e-03
1.250167842954397202e-03
1.249237335287034512e-03
1.266575418412685394e-03
1.248888322152197361e-03
1.259255106560885906e-03
1.240882091224193573e-03
1.220756676048040390e-03
1.280437805689871311e-03
1.260442426428198814e-03
1.243407139554619789e-03
1.268938882276415825e-03
1.238018856383860111e-03
1.253929687663912773e-03
1.223091268911957741e-03
1.224078587256371975e-03
1.233107759617269039e-03
1.263464451767504215e-03
1.230766763910651207e-03
1.240709098055958748e-03
1.225164742209017277e-03
1.255092793144285679e-03
1.221224432811141014e-03
1.201244653202593327e-03
1.207951223477721214e-03
1.259868266060948372e-03
1.242928672581911087e-03
1.239440171048045158e-03
1.240635523572564125e-03
1.221085316501557827e-03
1.264223014004528522e-03
1.237396616488695145e-03
1.251232926733791828e-03
1.240287208929657936e-03
1.238383469171822071e-03
1.286196755245327950e-03
1.231518457643687725e-03
1.225220155902206898e-03
1.258794567547738552e-03
1.248970278538763523e-03
1.245833002030849457e-03
1.272146240808069706e-03
1.244253711774945259e-03
1.247711363248527050e-03
1.226614578627049923e-03
1.225835527293384075e-03
1.229255925863981247e-03
1.248699962161481380e-03
1.266841893084347248e-03
1.237999298609793186e-03
1.232456299476325512e-03
1.249600318260490894e-03
1.245138118974864483e-03
1.273180590942502022e-03
1.224429812282323837e-03
1.254723640158772469e-03
1.258381525985896587e-03
1.248130691237747669e-03
1.289652311243116856e-03
1.258614938706159592e-03
1.260720891878008842e-03
1.269545988179743290e-03
1.301986281760036945e-03
1.239146222360432148e-03
1.221336657181382179e-03
1.220029080286622047e-03
1.235117553733289242e-03
1.262161647900938988e-03
1.218197750858962536e-03
1.273488975130021572e-03
1.248282496817409992e-03
1.200002268888056278e-03
1.250679255463182926e-03
1.254509203135967255e-03
1.273801201023161411e-03
1.250589382834732533e-03
1.264004502445459366e-03
1.246165484189987183e-03
1.267214771360158920e-03
1.241754740476608276e-03
1.238976488821208477e-03
1.269731903448700905e-03
1.268748310394585133e-03
1.250099507160484791e-03
1.294001354835927486e-03
1.248347223736345768e-03
1.223440864123404026e-03
1.300569158047437668e-03
1.234667375683784485e-03
1.266959938220679760e-03
1.244140206836163998e-03
1.251351321116089821e-03
1.237116637639701366e-03
1.224991399794816971e-03
1.227344269864261150e-03
1.235913485288619995e-03
1.260125776752829552e-03
1.278122072108089924e-03
1.228144625201821327e-03
1.279982039704918861e-03
1.253647264093160629e-03
1.250063301995396614e-03
1.275460817851126194e-03
1.248250133357942104e-03
1.252198824658989906e-03
1.262839068658649921e-03
1.256621791981160641e-03
1.253349357284605503e-03
1.197895500808954239e-03
1.252167625352740288e-03
1.252303947694599628e-03
1.240407116711139679e-03
1.214556279592216015e-03
1.252999296411871910e-03
1.262121833860874176e-03
1.257183495908975601e-03
1.265342929400503635e-03
1.254930626600980759e-03
1.225302112288773060e-03
1.249621855095028877e-03
1.251013949513435364e-03
1.247532316483557224e-03
1.283134799450635910e-03
1.254000701010227203e-03
1.269616070203483105e-03
