3.012000000000000000e+03
5.141000000000000000e+03
2.632000000000000000e+03
3.930000000000000000e+02
1.028000000000000000e+03
9.590000000000000000e+02
2.050000000000000000e+02
6.940000000000000000e+02
1.250000000000000000e+02
3.800000000000000000e+01
4.930000000000000000e+02
2.890000000000000000e+02
1.885000000000000000e+03
3.110000000000000000e+02
1.291000000000000000e+03
1.461000000000000000e+03
3.006000000000000000e+03
6.020000000000000000e+02
9.300000000000000000e+01
9.660000000000000000e+02
1.210000000000000000e+02
2.620000000000000000e+02
1.870000000000000000e+02
9.430000000000000000e+02
5.100000000000000000e+02
1.000000000000000000e+01
9.900000000000000000e+01
1.690000000000000000e+02
2.230000000000000000e+02
1.880000000000000000e+02
3.440000000000000000e+02
3.270000000000000000e+02
3.330000000000000000e+02
5.600000000000000000e+01
4.200000000000000000e+01
6.100000000000000000e+01
4.277000000000000000e+03
4.180000000000000000e+02
4.420000000000000000e+02
2.930000000000000000e+02
9.200000000000000000e+01
2.000000000000000000e+02
3.890000000000000000e+02
9.400000000000000000e+01
8.760000000000000000e+02
3.510000000000000000e+02
1.860000000000000000e+02
7.000000000000000000e+02
7.200000000000000000e+01
7.100000000000000000e+01
1.900000000000000000e+02
7.660000000000000000e+02
2.330000000000000000e+02
2.190000000000000000e+02
1.050000000000000000e+02
1.114000000000000000e+03
1.840000000000000000e+02
2.130000000000000000e+02
9.690000000000000000e+02
3.110000000000000000e+02
6.910000000000000000e+02
1.035000000000000000e+03
7.330000000000000000e+02
2.684000000000000000e+03
3.340000000000000000e+02
2.900000000000000000e+02
1.217000000000000000e+03
9.220000000000000000e+02
3.620000000000000000e+02
6.520000000000000000e+02
7.500000000000000000e+02
4.040000000000000000e+02
7.750000000000000000e+02
1.390000000000000000e+03
1.926000000000000000e+03
1.006100000000000000e+04
1.560000000000000000e+03
2.468700000000000000e+04
4.090000000000000000e+03
1.332400000000000000e+04
1.480000000000000000e+02
1.159000000000000000e+03
7.600000000000000000e+02
8.570000000000000000e+02
1.300000000000000000e+01
7.200000000000000000e+01
2.100000000000000000e+02
4.540000000000000000e+02
9.920000000000000000e+02
8.570000000000000000e+02
1.599000000000000000e+03
6.800000000000000000e+01
2.680000000000000000e+02
2.780000000000000000e+02
3.300000000000000000e+01
3.900000000000000000e+01
1.800000000000000000e+01
1.300000000000000000e+01
8.000000000000000000e+00
1.600000000000000000e+01
2.900000000000000000e+02
3.100000000000000000e+02
3.300000000000000000e+01
1.980000000000000000e+02
5.300000000000000000e+01
4.600000000000000000e+01
2.900000000000000000e+01
1.100000000000000000e+02
2.700000000000000000e+01
3.700000000000000000e+01
4.600000000000000000e+01
4.100000000000000000e+02
2.550000000000000000e+02
5.000000000000000000e+01
3.100000000000000000e+01
6.100000000000000000e+01
5.200000000000000000e+01
1.780000000000000000e+02
3.200000000000000000e+01
1.410000000000000000e+02
1.670000000000000000e+02
2.010000000000000000e+02
3.640000000000000000e+02
6.300000000000000000e+02
4.080000000000000000e+02
2.430000000000000000e+02
2.080000000000000000e+02
5.550000000000000000e+02
1.960000000000000000e+02
1.040000000000000000e+02
8.600000000000000000e+02
2.100000000000000000e+02
2.900000000000000000e+01
1.170000000000000000e+02
3.300000000000000000e+02
7.650000000000000000e+02
5.390000000000000000e+02
3.500000000000000000e+01
3.990000000000000000e+02
4.530000000000000000e+02
1.790000000000000000e+02
3.040000000000000000e+02
1.006000000000000000e+03
8.400000000000000000e+01
6.830000000000000000e+02
3.420000000000000000e+02
2.000000000000000000e+00
9.000000000000000000e+01
6.700000000000000000e+01
7.200000000000000000e+01
1.890000000000000000e+02
2.680000000000000000e+02
3.800000000000000000e+01
1.100000000000000000e+01
6.500000000000000000e+01
5.000000000000000000e+00
4.700000000000000000e+01
3.000000000000000000e+01
1.270000000000000000e+02
1.500000000000000000e+01
1.690000000000000000e+02
1.030000000000000000e+02
4.900000000000000000e+01
2.200000000000000000e+01
1.100000000000000000e+01
2.000000000000000000e+01
6.000000000000000000e+00
4.930000000000000000e+02
1.422200000000000000e+04
5.087000000000000000e+03
1.240000000000000000e+02
1.317000000000000000e+03
9.810000000000000000e+02
8.063000000000000000e+03
3.227900000000000000e+04
4.713000000000000000e+03
3.620000000000000000e+02
8.100000000000000000e+01
2.088000000000000000e+03
