9.775412776283166905e-03
9.890805507200507089e-06
6.491665347892599039e-03
8.852270928944453235e-03
2.370496386559054879e-03
7.002690299097958856e-03
5.878435406446167952e-03
7.826924091364666561e-03
1.226459882892862868e-02
8.044521812523078991e-03
9.973228886427177101e-03
4.783852930315978663e-03
5.383895131086142462e-03
2.963944716991085034e-03
9.392968296671414669e-03
7.174130927889433608e-03
7.451073482091048403e-03
8.631376272616975501e-03
6.837843540644616448e-03
1.737484834098222339e-02
4.984965975629055031e-03
5.097061771377327417e-03
7.154349316875033109e-03
5.657540750118689350e-03
4.506910376114363868e-03
5.453130769636545944e-03
7.388431713878778131e-03
5.495990926834414848e-03
2.855145856411879686e-03
3.534314501239647650e-03
4.876167115049849683e-03
7.708234425278260964e-03
7.540090731655852384e-03
3.979400749063670591e-03
4.856385504035448317e-03
3.943134462203934897e-03
3.643113361818852997e-03
4.869573244711715605e-03
3.514532890225246717e-03
8.374215329429762072e-03
3.448594186843909840e-03
9.491876351743418899e-03
8.061006488368412451e-03
6.161971830985915090e-03
7.022471910112359356e-03
5.644353009442422062e-03
5.153109669251463611e-03
4.325578941815688000e-03
6.283958432241388593e-03
5.321253362873872191e-03
3.326607585588437204e-03
4.760774384132510258e-03
4.058527193121274322e-03
7.490636704119850268e-03
8.941288178509258083e-03
9.346811204304477858e-03
9.587487471646357826e-03
7.836814896871867678e-03
6.346600200453657997e-03
5.637759139104288851e-03
6.979611752914490451e-03
6.234504404705385611e-03
7.012581104605159106e-03
9.010523817059660698e-03
4.638787782877037622e-03
8.150023737933217299e-03
4.803634541330379162e-03
3.995885424909004918e-03
5.977343461518173050e-03
3.923352851189534397e-03
5.067389354855725801e-03
3.300232104235902193e-03
1.249538429076330580e-02
1.474719101123595465e-02
1.209315820013715306e-02
1.610552830089148971e-02
1.391636334863111286e-02
7.447776546921981364e-03
5.354222714564540846e-03
1.780344991296091276e-04
3.989291554570870840e-03
4.915730337078651549e-03
3.666191908002320969e-03
6.356491005960859114e-03
3.184839373318563201e-03
3.478266603365511456e-03
1.318774067626734109e-05
4.124465896502610765e-03
4.137653637178878921e-03
4.589333755341034639e-03
8.031334071846810835e-03
4.196998470222081286e-03
4.714617291765574314e-03
3.577174658437516554e-03
3.900274305006066426e-03
4.760774384132510258e-03
3.738724481721791490e-03
4.549770533312232773e-03
4.299203460463153423e-03
5.406973677269610000e-03
6.616948884317138714e-03
3.570580788099382910e-03
4.500316505776230658e-03
7.787360869335865562e-03
8.004958590494276258e-03
6.613651949148071675e-03
6.165268766154982129e-03
8.011552460832410336e-03
6.026797489054175165e-03
4.378329904520757154e-03
3.824444796117529299e-03
5.756448805190694448e-03
4.533285857466898446e-03
3.573877723268449515e-03
3.227699530516432106e-03
5.403676742100542961e-03
4.490425700269029541e-03
5.957561850503771683e-03
3.000211003850820294e-03
4.675054069736772448e-03
5.423458353114944328e-03
4.839900828190114856e-03
5.027826132826923936e-03
3.610144010128184776e-03
3.382655483462573397e-03
3.854117212639130482e-03
2.116632378540908490e-03
3.567283852930315871e-03
2.802394893706810098e-03
6.702669198712876523e-03
2.182571081922244933e-03
4.678351004905839487e-03
5.601492852244553157e-03
6.310333913593923170e-03
6.125705544126180263e-03
6.953236271561955874e-03
2.838661180566545358e-03
4.299203460463153423e-03
4.800337606161312123e-03
4.058527193121274322e-03
1.806720472648625907e-03
6.063063775913910859e-03
6.465289866540064462e-03
4.276124914279685885e-03
4.721211162103708392e-03
4.098090415150076188e-03
2.027615128976103642e-03
5.683916231471223927e-03
4.539879727805032524e-03
2.901302948778815196e-03
5.459724639974679154e-03
5.934483304320304145e-03
3.448594186843909840e-03
4.375032969351690983e-03
3.085931318246558103e-03
2.921084559793216129e-03
4.777259059977844585e-03
3.659598037664187325e-03
5.331144168381073307e-03
4.035448646937806784e-03
7.071925937648362338e-03
3.682676583847655297e-03
4.417893126549559887e-03
2.555124756026797353e-03
4.253046368096217479e-03
4.543176662974099562e-03
2.561718626364930997e-03
4.084902674473808899e-03
6.762014031756079756e-03
5.169594345096797938e-03
4.289312654955953173e-03
5.927889433982170067e-03
7.655483462573191809e-03
9.528142638603154593e-03
4.226670886743682902e-03
3.626628685973519103e-03
4.773962124808777546e-03
8.512686606530569036e-03
6.224613599198185361e-03
