1.505781661659059446e-02
2.570127331536927254e-02
1.315809207664888660e-02
1.964715116308135123e-03
5.139254808052832330e-03
4.794304825800259004e-03
1.024851396547500583e-03
3.469496922946172911e-03
6.249093881387199389e-04
1.899724539941708464e-04
2.464642626819111334e-03
1.444790505376720340e-03
9.423633573131895078e-03
1.554774557689134976e-03
6.454064160696698811e-03
7.303940928565358370e-03
1.502782096595993606e-02
3.009563613276075144e-03
4.649325847752075729e-04
4.829299751536027425e-03
6.049122877182808253e-04
1.309810077538756893e-03
9.348644446555249513e-04
4.714316424118502984e-03
2.549630303605976943e-03
4.999275105109759402e-05
4.949282354058661890e-04
8.448774927635493200e-04
1.114838348439476214e-03
9.398637197606347568e-04
1.719750636157757039e-03
1.634762959370891213e-03
1.664758610001549829e-03
2.799594058861465048e-04
2.099695544146098786e-04
3.049557814116953154e-04
2.138189962455443877e-02
2.089696993935879175e-03
2.209679596458513640e-03
1.464787605797159345e-03
4.599333096700978217e-04
9.998550210219517721e-04
1.944718015887696334e-03
4.699318598803173784e-04
4.379364992076148835e-03
1.754745561893525461e-03
9.298651695504151458e-04
3.499492573576831311e-03
3.599478075679026336e-04
3.549485324627928823e-04
9.498622699708542593e-04
3.829444730514075437e-03
1.164831099490573835e-03
1.094841248019037209e-03
5.249238860365246966e-04
5.569192467092271698e-03
9.198666193401956433e-04
1.064845597388378593e-03
4.844297576851356625e-03
1.554774557689134976e-03
3.454499097630843712e-03
5.174249733788600751e-03
3.664468652045453374e-03
1.341805438211459388e-02
1.669757885106659635e-03
1.449789780481830145e-03
6.084117802918577109e-03
4.609331646911197719e-03
1.809737588049732887e-03
3.259527368531562816e-03
3.749456328832319416e-03
2.019707142464342766e-03
3.874438206460063469e-03
6.948992396102565000e-03
9.628603852441396452e-03
5.029770683250928826e-02
7.798869163971224559e-03
1.234171045198446254e-01
2.044703517989891403e-02
6.661034150048243674e-02
7.398927155562443807e-04
5.794159846822210559e-03
3.799449079883417037e-03
4.284378765079063615e-03
6.499057636642686139e-05
3.599478075679026336e-04
1.049847772073049393e-03
2.269670897719830438e-03
4.959280904268881067e-03
4.284378765079063615e-03
7.993840893070505021e-03
3.399507071474636285e-04
1.339805728169415509e-03
1.389798479220513130e-03
1.649760784686220630e-04
1.949717290992805977e-04
8.998695189197565840e-05
6.499057636642686139e-05
3.999420084087807115e-05
7.998840168175614231e-05
1.449789780481830145e-03
1.549775282584025388e-03
1.649760784686220630e-04
9.898564708117323779e-04
2.649615805708172510e-04
2.299666548350489108e-04
1.449789780481830037e-04
5.499202615620735072e-04
1.349804278379635012e-04
1.849731788890610952e-04
2.299666548350489108e-04
2.049702793095001165e-03
1.274815151802988471e-03
2.499637552554879430e-04
1.549775282584025333e-04
3.049557814116953154e-04
2.599623054657074456e-04
8.898709687095371357e-04
1.599768033635122846e-04
7.048977898204760676e-04
8.348789425533298175e-04
1.004854296127061578e-03
1.819736138259952282e-03
3.149543316219148396e-03
2.039704242884781554e-03
1.214823850541671456e-03
1.039849221862829782e-03
2.774597683335916238e-03
9.798579206015127670e-04
5.199246109314148911e-04
4.299376590394392815e-03
1.049847772073049393e-03
1.449789780481830037e-04
5.849151872978418203e-04
1.649760784686220413e-03
3.824445455408965848e-03
2.694609281654160218e-03
1.749746286788415655e-04
1.994710766938793955e-03
2.264671622614720849e-03
8.948702438146468327e-04
1.519779631953366772e-03
5.029270755740417910e-03
4.199391088292197573e-04
3.414504896789965268e-03
1.709752085947537645e-03
9.998550210219517788e-06
4.499347594598783191e-04
3.349514320423538772e-04
3.599478075679026336e-04
9.448629948657444539e-04
1.339805728169415509e-03
1.899724539941708464e-04
5.499202615620735207e-05
3.249528818321343205e-04
2.499637552554879701e-05
2.349659299401586892e-04
1.499782531532927821e-04
6.349079383489394414e-04
7.498912657664639104e-05
8.448774927635493200e-04
5.149253358263051941e-04
2.449644801503781917e-04
1.099840523124147041e-04
5.499202615620735207e-05
9.998550210219518805e-05
2.999565063065855506e-05
2.464642626819111334e-03
7.109969054487098872e-02
2.543131245969334348e-02
6.199101130336101334e-04
6.584045313429552453e-03
4.904288878112673424e-03
4.030915517249998581e-02
1.613716011178379095e-01
2.356158357038229401e-02
1.809737588049732887e-03
4.049412835138905035e-04
1.043848641946917670e-02
