0.000000000000000000e+00
0.000000000000000000e+00
0.000000000000000000e+00
0.000000000000000000e+00
0.000000000000000000e+00
1.734512474098472840e-02
0.000000000000000000e+00
0.000000000000000000e+00
1.664744293968142830e-02
0.000000000000000000e+00
0.000000000000000000e+00
0.000000000000000000e+00
0.000000000000000000e+00
0.000000000000000000e+00
2.283158283582520376e-02
0.000000000000000000e+00
2.349535455991934654e-02
1.852909147928743713e-02
0.000000000000000000e+00
0.000000000000000000e+00
0.000000000000000000e+00
0.000000000000000000e+00
0.000000000000000000e+00
0.000000000000000000e+00
0.000000000000000000e+00
0.000000000000000000e+00
0.000000000000000000e+00
0.000000000000000000e+00
9.483999253497308116e-03
9.973891645518963289e-03
1.242888503666136207e-02
8.750242901971497581e-03
1.230647206290631963e-02
9.651385166529743292e-03
0.000000000000000000e+00
0.000000000000000000e+00
0.000000000000000000e+00
0.000000000000000000e+00
0.000000000000000000e+00
0.000000000000000000e+00
0.000000000000000000e+00
0.000000000000000000e+00
1.262368760786290560e-02
0.000000000000000000e+00
0.000000000000000000e+00
1.137695115217303432e-02
0.000000000000000000e+00
0.000000000000000000e+00
0.000000000000000000e+00
1.499715251550243732e-02
1.719553560606206302e-02
0.000000000000000000e+00
0.000000000000000000e+00
0.000000000000000000e+00
0.000000000000000000e+00
0.000000000000000000e+00
1.668279599889948422e-02
0.000000000000000000e+00
1.486920811071327543e-02
0.000000000000000000e+00
1.605870628005010015e-02
1.826911422068389773e-02
1.595336859340037647e-02
1.856757099952477744e-02
1.173240572036547864e-02
0.000000000000000000e+00
1.882706726412534948e-02
1.427950946307601429e-02
1.363233203208422464e-02
0.000000000000000000e+00
1.346206015503398704e-02
0.000000000000000000e+00
1.729798732869398600e-02
1.713252539167341507e-02
0.000000000000000000e+00
0.000000000000000000e+00
0.000000000000000000e+00
0.000000000000000000e+00
0.000000000000000000e+00
1.543581904620813273e-02
0.000000000000000000e+00
1.727898806557679953e-02
0.000000000000000000e+00
1.866593427313148132e-02
0.000000000000000000e+00
0.000000000000000000e+00
0.000000000000000000e+00
1.878281581585240778e-02
1.467969647354436767e-02
1.722126878522078561e-02
1.470037921567193817e-02
8.267084425991376787e-03
0.000000000000000000e+00
4.172863472738221578e-03
0.000000000000000000e+00
7.833468332316833455e-03
6.495583513064759167e-03
0.000000000000000000e+00
0.000000000000000000e+00
0.000000000000000000e+00
9.107380949174325932e-03
0.000000000000000000e+00
7.489076626192624556e-03
0.000000000000000000e+00
1.154193209519063790e-02
9.907273976108065330e-03
7.873631331564557786e-03
7.294274054991082765e-03
0.000000000000000000e+00
8.748799919962597232e-03
0.000000000000000000e+00
0.000000000000000000e+00
0.000000000000000000e+00
7.430635854832162192e-03
0.000000000000000000e+00
0.000000000000000000e+00
7.737991022727928533e-03
0.000000000000000000e+00
0.000000000000000000e+00
1.698510072976410282e-02
1.684056203187258779e-02
1.702550422601330909e-02
1.789826784439651694e-02
0.000000000000000000e+00
1.615995551767460472e-02
0.000000000000000000e+00
1.464626739033817772e-02
1.141831663642817705e-02
0.000000000000000000e+00
0.000000000000000000e+00
0.000000000000000000e+00
0.000000000000000000e+00
0.000000000000000000e+00
0.000000000000000000e+00
0.000000000000000000e+00
0.000000000000000000e+00
0.000000000000000000e+00
0.000000000000000000e+00
0.000000000000000000e+00
0.000000000000000000e+00
1.329323125999264978e-02
1.245437771881860098e-02
4.502103867768976822e-03
0.000000000000000000e+00
0.000000000000000000e+00
0.000000000000000000e+00
1.277640320380485535e-02
9.681206794713683242e-03
9.925792245222286175e-03
6.548492853391103818e-03
0.000000000000000000e+00
8.647310185336608973e-03
9.186744959663843343e-03
0.000000000000000000e+00
7.000146222176901502e-03
8.192049361528560419e-03
0.000000000000000000e+00
7.788495393039439850e-03
9.726660727994043340e-03
7.254351552744840378e-03
7.556896780610939182e-03
0.000000000000000000e+00
1.086324955700452254e-02
1.116050385083798731e-02
0.000000000000000000e+00
1.039524239211785453e-02
8.946007461178974093e-03
8.354384837529845245e-03
1.858488678363158161e-02
0.000000000000000000e+00
9.673029896663248514e-03
0.000000000000000000e+00
1.582734816462308403e-02
0.000000000000000000e+00
0.000000000000000000e+00
0.000000000000000000e+00
0.000000000000000000e+00
1.562076124034885577e-02
0.000000000000000000e+00
