8.044986439819361984e-03
5.691260324579449324e-03
7.439566074219594767e-03
9.413360021251490975e-03
2.437125859480697605e-03
5.408627857985679951e-03
4.591619252367625838e-03
7.292844301944140413e-03
8.100586269313219193e-03
5.121362072267422912e-03
1.015469108116957321e-02
4.869618399836907544e-03
1.203118532658722060e-02
3.791599483539361427e-03
1.219180705623613796e-02
5.400905659444866884e-03
7.439566074219594767e-03
7.580110087662397453e-03
6.202469867981293995e-03
1.172384182466284890e-02
5.203217376800044723e-03
5.139895348765375314e-03
9.807192146832972163e-03
6.448035781579158562e-03
4.761507620265520262e-03
6.242625300393523334e-03
8.678206720166057805e-03
6.173125513526203124e-03
3.609355597976166268e-03
4.398564288847292211e-03
6.040303698624213506e-03
9.048872250125098923e-03
7.600187803868512990e-03
5.720604679034540195e-03
6.137603400238461453e-03
4.973095860283806291e-03
2.642536340666333267e-03
6.574679837648498247e-03
4.089676347214757368e-03
9.038061172167960455e-03
3.973843369102557019e-03
8.383218735906987698e-03
9.729970161424838018e-03
6.228725343020059466e-03
7.336088613772695152e-03
7.053456147178926647e-03
5.458049928646885492e-03
5.173873022344953852e-03
7.717565221688875605e-03
5.589327303840712843e-03
3.610900037684328968e-03
7.283577663695165079e-03
8.653495684835454602e-03
7.777798370307219614e-03
9.050416689833262057e-03
7.674320909860320866e-03
6.937623169066726297e-03
6.363091597630211350e-03
4.630230245071692910e-03
4.261109154820814059e-03
5.598593942089689045e-03
4.069598631008642699e-03
5.745315714365142531e-03
8.806395215943559757e-03
4.551463819955396499e-03
6.916001013152448494e-03
3.950676773480116949e-03
3.433289471245621477e-03
5.479672084561163295e-03
4.015543241222949492e-03
4.389297650598316010e-03
3.268034422472215587e-03
9.345404674092332165e-03
9.612592743604474535e-03
7.720654101105201006e-03
1.024272414453484582e-02
1.075547812764485363e-02
4.295086828400392596e-03
4.451075238924823152e-03
1.806994458550327022e-04
3.289656578386492957e-03
3.989287766184184021e-03
2.940613204341728775e-03
6.506724490489340304e-03
3.115134891364110866e-03
3.617077796516979769e-03
4.554552699371721899e-03
3.368423003502789368e-03
4.315164544606507266e-03
4.732163265810429391e-03
7.079711622217692117e-03
6.180847712067016192e-03
5.427161134483632354e-03
3.788510604123036460e-03
5.405538978569354551e-03
5.861148692477342881e-03
4.727529946685940856e-03
4.222498162116746986e-03
5.479672084561163295e-03
5.871959770434481349e-03
8.279741275460088951e-03
4.160720573790240712e-03
4.293542388692230330e-03
6.458846859536297030e-03
6.100536847242557514e-03
5.816359940940625875e-03
5.573882906759085841e-03
8.134563942892797730e-03
6.831056829203501282e-03
4.741429904059405592e-03
3.343711968172186598e-03
5.363839106448962078e-03
4.963829222034830090e-03
3.212434592978359246e-03
3.573833484688424596e-03
6.624101908309703787e-03
4.332153381396297402e-03
6.102081286950719781e-03
2.818602467396877625e-03
4.917496030789949950e-03
5.476583205144837894e-03
4.960740342618504689e-03
4.523663905208468762e-03
3.680399824551649178e-03
3.720555256963878517e-03
3.294289897510981058e-03
2.092715804560421524e-03
3.569200165563936929e-03
2.980768636753958548e-03
7.101333778131969053e-03
3.317456493133421128e-03
3.771521767333246757e-03
5.351483588783661344e-03
4.704363351063500787e-03
4.708996670187989321e-03
8.166997176764213134e-03
3.491978180155803219e-03
4.034076517720901027e-03
4.301264587233043397e-03
4.948384824953203087e-03
1.626295012695294509e-03
7.490532584588962574e-03
1.094698865145702499e-02
5.169239703220465318e-03
5.119817632559259778e-03
4.171531651747379180e-03
2.518981164013319417e-03
5.913659642554873822e-03
5.382372382946914481e-03
3.414756194747669508e-03
5.339128071118359742e-03
4.654941280402295246e-03
3.255678904806913986e-03
5.206306256216370124e-03
3.334445329923210397e-03
2.542147759635759487e-03
4.220953722408584720e-03
4.290453509275904929e-03
4.699730031939013120e-03
4.132920659043312107e-03
7.749998455560291877e-03
3.958398972020930016e-03
4.293542388692230330e-03
2.823235786521365726e-03
3.802410561496500328e-03
4.316708984314670400e-03
2.349092796115425427e-03
4.463430756590123887e-03
4.052609794218853430e-03
3.918243539608700678e-03
5.346850269659172809e-03
6.909823254319797693e-03
5.278894922500015734e-03
8.931494832304737175e-03
2.812424708564227258e-03
9.712981324635048749e-03
6.602479752395425984e-03
5.485849843393813229e-03
8.478973997813072511e-03
