8.906690076447565385e-03
1.097333479644463983e-05
6.316983064486630418e-03
9.513881268517501710e-03
2.377555872563005303e-03
7.198507626467683107e-03
5.790262994257288492e-03
7.889827718643695198e-03
1.222795274150480921e-02
7.725227696697025900e-03
1.049416584366655650e-02
5.066022897691941501e-03
5.819525220381140292e-03
3.156662643110574526e-03
1.035882804784373987e-02
6.909543143494641278e-03
7.520392113830059837e-03
9.085921211456161883e-03
7.191192069936720374e-03
1.730129119572771518e-02
5.508614067815209396e-03
5.365960715461428297e-03
7.483814331175244437e-03
5.658582976699952360e-03
4.912396210541717170e-03
5.695160759354767760e-03
7.648414353121913735e-03
5.300120706682761099e-03
3.076191521269980560e-03
3.690698269870880486e-03
5.033102893302608336e-03
7.714254361900581801e-03
7.823987709865027132e-03
4.272285014082445945e-03
4.802662862577270972e-03
4.001609422436811815e-03
2.984747064632942062e-03
4.945316214931051203e-03
3.804089396100808484e-03
8.504334467244595991e-03
3.690698269870880486e-03
9.758952412304766275e-03
8.482387797651706057e-03
6.302351951424704952e-03
7.465525439847836738e-03
5.786605215991806259e-03
5.289147371886316132e-03
4.243022787958594146e-03
6.090200812026775289e-03
5.508614067815209396e-03
3.387102673835911890e-03
4.308862796737262212e-03
4.253996122755038245e-03
7.450894326785910404e-03
9.239547898606386214e-03
9.685796846995135476e-03
9.616299059950985176e-03
8.006876623139105864e-03
6.638867551849007148e-03
5.563480741797432495e-03
7.743516588024433600e-03
6.167014155601887454e-03
7.388712096272723705e-03
9.843081312410842040e-03
4.451516149091042443e-03
8.504334467244595991e-03
5.161125132594462234e-03
3.884560517941402450e-03
6.306009729690186319e-03
4.049160539888072181e-03
5.208676250045722600e-03
3.445627126083616789e-03
1.313508175134423320e-02
1.501152200153626701e-02
1.250594388968140694e-02
1.527488203665093754e-02
1.305826840776912190e-02
6.470609751636855617e-03
5.205018471780240366e-03
1.975200263360035204e-04
3.811404952631771651e-03
4.184498335710888813e-03
3.306631551995317924e-03
6.807125352061157812e-03
3.244449321482131658e-03
3.595596034968360187e-03
1.463111306192618588e-05
4.382018362046893011e-03
4.158893887852518380e-03
4.831925088701122771e-03
8.237316653864443228e-03
3.793116061304363518e-03
4.531987270931635975e-03
3.482204908738432188e-03
4.038187205091627215e-03
4.444200592560078843e-03
3.354182669446578290e-03
4.327151688064669911e-03
3.994293865905849082e-03
5.578111854859358829e-03
6.584000877866784049e-03
3.368813782508504190e-03
3.847982735286587051e-03
7.041223161051977410e-03
7.897143275174659666e-03
6.298694173159222719e-03
5.812209663850177559e-03
7.984929953546215931e-03
5.486667398222319462e-03
4.235707231427630545e-03
3.672409378543472786e-03
5.483009619956838096e-03
4.100369435604813914e-03
3.368813782508504190e-03
3.233475986685687125e-03
5.058707341160978768e-03
4.297889461940817245e-03
5.632978528841581928e-03
2.915249277588792629e-03
4.985551775851347969e-03
5.848787446504992958e-03
5.036760671568089702e-03
5.128205128205128201e-03
3.617542704561249687e-03
3.624858261092212420e-03
4.023556092029700881e-03
2.015435824280332241e-03
3.372471560773985990e-03
2.732360364314715198e-03
6.510845312557152383e-03
1.876440250192033376e-03
3.924796078861699650e-03
5.311094041479205198e-03
5.611031859248691994e-03
6.331614177548556752e-03
7.227769852591535774e-03
2.809173707889827797e-03
3.730933830791177252e-03
4.809978419108233705e-03
4.341782801126595377e-03
1.730129119572771561e-03
6.082885255495811688e-03
6.701049782362192980e-03
4.645378397161564407e-03
4.692929514612823906e-03
4.074764987746442614e-03
2.132484728775741606e-03
5.914627455283661024e-03
4.714876184205713840e-03
2.867698160137532263e-03
5.761000768133435826e-03
5.695160759354767760e-03
3.632173817623175587e-03
4.221076118365705079e-03
2.929880390650718962e-03
2.245875855005669604e-03
4.568565053586451374e-03
3.763853835180511285e-03
4.572222831851932741e-03
4.243022787958594146e-03
7.041223161051977410e-03
3.771169391711474451e-03
4.264969457551483212e-03
2.692124803394418432e-03
3.467573795676506289e-03
3.972347196312959149e-03
2.439738103076191569e-03
4.177182779179926080e-03
6.796152017264713713e-03
4.978236219320384369e-03
4.363729470719485311e-03
5.815867442115658925e-03
8.226343319067998261e-03
9.612641281685504677e-03
4.144262774790592047e-03
3.507809356596803055e-03
4.469805040418450143e-03
8.548227806430374123e-03
6.342587512345001718e-03
