6.404071409645601190e-03
1.949717290992805977e-04
4.994275830004649488e-03
9.388638647396127523e-03
1.684755710421988835e-03
7.278944553039809126e-03
5.899144624029515824e-03
7.073974273730309487e-03
7.578901059346394853e-03
6.679031540426638540e-03
6.149108379285003929e-03
4.719315699223613006e-03
3.989421533877587911e-03
2.589624504446855387e-03
8.923706062620920601e-03
4.779307000484929804e-03
6.434067060276259589e-03
8.823720560518725359e-03
6.434067060276259589e-03
1.214323923031160497e-02
4.909288153217783446e-03
3.804448354988526626e-03
6.779017042528832915e-03
5.644181593668917696e-03
4.809302651115588204e-03
6.784016317633942937e-03
8.643746656734773229e-03
6.404071409645601190e-03
3.539486774417709321e-03
4.429357743127246456e-03
7.333936579196016770e-03
8.963700263461797310e-03
7.453919181718650366e-03
6.179104029915662329e-03
5.989131575921491021e-03
5.509201165830954899e-03
2.019707142464342766e-03
7.663888736133260896e-03
4.809302651115588204e-03
1.181328707337436085e-02
3.604477350784136142e-03
1.073344365067065327e-02
1.116838058481520179e-02
8.008838718385834221e-03
8.368786525953736746e-03
8.823720560518725359e-03
6.689030090636857717e-03
7.358932954721565146e-03
9.238660394242835527e-03
6.968989496523004222e-03
4.679321498382734562e-03
5.524198991146284099e-03
4.994275830004649488e-03
1.064345669877867634e-02
1.024851396547500626e-02
1.070344800003999487e-02
1.052347409625604274e-02
7.193956876252943083e-03
6.554049662798894053e-03
4.779307000484929804e-03
7.958845967334735733e-03
6.254093156492308327e-03
8.548760429737688876e-03
1.251818486319483670e-02
6.579046038324443298e-03
7.318938753880687570e-03
5.854151148083528225e-03
6.034125051867479488e-03
7.598898159766834075e-03
6.259092431597418349e-03
6.424068510066040412e-03
4.249383839343295194e-03
1.181828634847947000e-02
1.382799494073359316e-02
1.126836608691739704e-02
1.085842552829839602e-02
5.459208414779857278e-03
6.479060536222248055e-03
4.939283803848441845e-03
1.999710042043903761e-04
3.529488224207489710e-03
4.539341795439660876e-03
3.089552014957831164e-03
6.549050387693784031e-03
4.459353393757904856e-03
4.719315699223613006e-03
1.849731788890610952e-04
4.674322223277624540e-03
4.074409210664453954e-03
5.084262781896624686e-03
7.983842342860284977e-03
6.749021391898174516e-04
4.569337446070320143e-03
2.399652050452684513e-03
3.599478075679026553e-03
5.189247559103929951e-03
3.654470101835233763e-03
4.459353393757904856e-03
3.419504171895075290e-03
4.839298301746246603e-03
5.489204065410515677e-03
3.119547665588489564e-03
3.004564338170965122e-03
6.209099680546320728e-03
6.039124326972588643e-03
5.679176519404686117e-03
5.104259882317063908e-03
6.794014867844162982e-03
4.534342520334551721e-03
3.799449079883417037e-03
3.139544766008928785e-03
5.304230886521454393e-03
4.189392538081978395e-03
3.219533167690684806e-03
2.759599858020587038e-03
4.854296127061575802e-03
4.189392538081978395e-03
5.909143174239735001e-03
3.069554914537391942e-03
6.189102580125881506e-03
5.974133750606161822e-03
5.874148248503966580e-03
4.754310624959380560e-03
4.419359192917027279e-03
4.364367166760819636e-03
4.384364267181258858e-03
3.664468652045453374e-03
5.809157672137539759e-03
4.359367891655709613e-03
6.709027191057296939e-03
2.129691194776757186e-03
3.734458503516990217e-03
4.994275830004649488e-03
5.534197541356503276e-03
3.154542591324257985e-03
7.323938028985796725e-03
4.829299751536027425e-03
5.104259882317063908e-03
3.999420084087807088e-03
5.344225087362332836e-03
2.584625229341745364e-03
5.784161296611991382e-03
6.874003269525919002e-03
4.664323673067405363e-03
5.254238135470356771e-03
4.219388188712636795e-03
2.564628128921306576e-03
5.229241759944808395e-03
5.004274380214868666e-03
3.259527368531562816e-03
4.829299751536027425e-03
4.624329472226526919e-03
3.134545490903818763e-03
4.069409935559343931e-03
2.199681046248294029e-03
1.499782531532927767e-03
3.784451254568087838e-03
3.269525918741782427e-03
4.314374415709722015e-03
3.439501272315514079e-03
5.149253358263051507e-03
3.059556364327172765e-03
4.159396887451319129e-03
3.074554189642501965e-03
3.669467927150562962e-03
3.904433857090721868e-03
2.374655674927135703e-03
3.219533167690684806e-03
5.599188117722930097e-03
5.089262057001734708e-03
4.934284528743331823e-03
4.804303376010478181e-03
7.113968474571187063e-03
1.547275645031470463e-02
4.469351943968124900e-03
2.334661474086257692e-03
3.699463577781221795e-03
6.829009793579930536e-03
6.789015592739052959e-03
