1.281000000000000000e+03
3.900000000000000000e+01
9.990000000000000000e+02
1.878000000000000000e+03
3.370000000000000000e+02
1.456000000000000000e+03
1.180000000000000000e+03
1.415000000000000000e+03
1.516000000000000000e+03
1.336000000000000000e+03
1.230000000000000000e+03
9.440000000000000000e+02
7.980000000000000000e+02
5.180000000000000000e+02
1.785000000000000000e+03
9.560000000000000000e+02
1.287000000000000000e+03
1.765000000000000000e+03
1.287000000000000000e+03
2.429000000000000000e+03
9.820000000000000000e+02
7.610000000000000000e+02
1.356000000000000000e+03
1.129000000000000000e+03
9.620000000000000000e+02
1.357000000000000000e+03
1.729000000000000000e+03
1.281000000000000000e+03
7.080000000000000000e+02
8.860000000000000000e+02
1.467000000000000000e+03
1.793000000000000000e+03
1.491000000000000000e+03
1.236000000000000000e+03
1.198000000000000000e+03
1.102000000000000000e+03
4.040000000000000000e+02
1.533000000000000000e+03
9.620000000000000000e+02
2.363000000000000000e+03
7.210000000000000000e+02
2.147000000000000000e+03
2.234000000000000000e+03
1.602000000000000000e+03
1.674000000000000000e+03
1.765000000000000000e+03
1.338000000000000000e+03
1.472000000000000000e+03
1.848000000000000000e+03
1.394000000000000000e+03
9.360000000000000000e+02
1.105000000000000000e+03
9.990000000000000000e+02
2.129000000000000000e+03
2.050000000000000000e+03
2.141000000000000000e+03
2.105000000000000000e+03
1.439000000000000000e+03
1.311000000000000000e+03
9.560000000000000000e+02
1.592000000000000000e+03
1.251000000000000000e+03
1.710000000000000000e+03
2.504000000000000000e+03
1.316000000000000000e+03
1.464000000000000000e+03
1.171000000000000000e+03
1.207000000000000000e+03
1.520000000000000000e+03
1.252000000000000000e+03
1.285000000000000000e+03
8.500000000000000000e+02
2.364000000000000000e+03
2.766000000000000000e+03
2.254000000000000000e+03
2.172000000000000000e+03
1.092000000000000000e+03
1.296000000000000000e+03
9.880000000000000000e+02
4.000000000000000000e+01
7.060000000000000000e+02
9.080000000000000000e+02
6.180000000000000000e+02
1.310000000000000000e+03
8.920000000000000000e+02
9.440000000000000000e+02
3.700000000000000000e+01
9.350000000000000000e+02
8.150000000000000000e+02
1.017000000000000000e+03
1.597000000000000000e+03
1.350000000000000000e+02
9.140000000000000000e+02
4.800000000000000000e+02
7.200000000000000000e+02
1.038000000000000000e+03
7.310000000000000000e+02
8.920000000000000000e+02
6.840000000000000000e+02
9.680000000000000000e+02
1.098000000000000000e+03
6.240000000000000000e+02
6.010000000000000000e+02
1.242000000000000000e+03
1.208000000000000000e+03
1.136000000000000000e+03
1.021000000000000000e+03
1.359000000000000000e+03
9.070000000000000000e+02
7.600000000000000000e+02
6.280000000000000000e+02
1.061000000000000000e+03
8.380000000000000000e+02
6.440000000000000000e+02
5.520000000000000000e+02
9.710000000000000000e+02
8.380000000000000000e+02
1.182000000000000000e+03
6.140000000000000000e+02
1.238000000000000000e+03
1.195000000000000000e+03
1.175000000000000000e+03
9.510000000000000000e+02
8.840000000000000000e+02
8.730000000000000000e+02
8.770000000000000000e+02
7.330000000000000000e+02
1.162000000000000000e+03
8.720000000000000000e+02
1.342000000000000000e+03
4.260000000000000000e+02
7.470000000000000000e+02
9.990000000000000000e+02
1.107000000000000000e+03
6.310000000000000000e+02
1.465000000000000000e+03
9.660000000000000000e+02
1.021000000000000000e+03
8.000000000000000000e+02
1.069000000000000000e+03
5.170000000000000000e+02
1.157000000000000000e+03
1.375000000000000000e+03
9.330000000000000000e+02
1.051000000000000000e+03
8.440000000000000000e+02
5.130000000000000000e+02
1.046000000000000000e+03
1.001000000000000000e+03
6.520000000000000000e+02
9.660000000000000000e+02
9.250000000000000000e+02
6.270000000000000000e+02
8.140000000000000000e+02
4.400000000000000000e+02
3.000000000000000000e+02
7.570000000000000000e+02
6.540000000000000000e+02
8.630000000000000000e+02
6.880000000000000000e+02
1.030000000000000000e+03
6.120000000000000000e+02
8.320000000000000000e+02
6.150000000000000000e+02
7.340000000000000000e+02
7.810000000000000000e+02
4.750000000000000000e+02
6.440000000000000000e+02
1.120000000000000000e+03
1.018000000000000000e+03
9.870000000000000000e+02
9.610000000000000000e+02
1.423000000000000000e+03
3.095000000000000000e+03
8.940000000000000000e+02
4.670000000000000000e+02
7.400000000000000000e+02
1.366000000000000000e+03
1.358000000000000000e+03
