9.290633723139762878e-03
1.102904416620731354e-02
1.152726262807846069e-02
9.528827853500843048e-03
9.795494377613067627e-03
9.486187249422073364e-03
9.306137450039386749e-03
1.230390928685665131e-02
1.072330959141254425e-02
8.922513574361801147e-03
1.039412617683410645e-02
1.019372511655092239e-02
1.086831279098987579e-02
8.590133860707283020e-03
8.641774766147136688e-03
8.398544043302536011e-03
9.917583316564559937e-03
1.058158744126558304e-02
1.134991180151700974e-02
8.829178288578987122e-03
9.277964942157268524e-03
9.932022541761398315e-03
1.062074676156044006e-02
1.048289239406585693e-02
1.039324887096881866e-02
1.120898127555847168e-02
1.005383208394050598e-02
1.083662081509828568e-02
8.700480684638023376e-03
9.405512362718582153e-03
8.401348255574703217e-03
1.105460152029991150e-02
1.181907951831817627e-02
9.762561880052089691e-03
1.042922493070363998e-02
8.580448105931282043e-03
1.059843692928552628e-02
8.427334949374198914e-03
8.695825934410095215e-03
9.289650246500968933e-03
1.034824922680854797e-02
8.709524758160114288e-03
9.068509563803672791e-03
9.003506973385810852e-03
9.702613577246665955e-03
8.769290521740913391e-03
1.203991938382387161e-02
1.022591907531023026e-02
1.049215346574783325e-02
1.023605838418006897e-02
9.147480130195617676e-03
1.059992704540491104e-02
1.264744438230991364e-02
1.137132104486227036e-02
1.101978123188018799e-02
9.315473027527332306e-03
8.822597563266754150e-03
1.002336200326681137e-02
1.120569463819265366e-02
8.783550933003425598e-03
9.229384362697601318e-03
8.115527220070362091e-03
1.153979450464248657e-02
1.041455939412117004e-02
9.184873662889003754e-03
1.117662712931632996e-02
1.018202677369117737e-02
9.777790866792201996e-03
1.044652517884969711e-02
1.144847646355628967e-02
9.194476529955863953e-03
8.971814997494220734e-03
1.093369722366333008e-02
7.316226139664649963e-03
1.112946309149265289e-02
1.074675656855106354e-02
1.036441884934902191e-02
1.058643218129873276e-02
1.174537651240825653e-02
9.887493215501308441e-03
1.033498998731374741e-02
9.657656773924827576e-03
1.098412554711103439e-02
1.121513359248638153e-02
8.338266983628273010e-03
9.025515988469123840e-03
9.958980605006217957e-03
1.157445088028907776e-02
1.015091221779584885e-02
9.216308593750000000e-03
9.898472577333450317e-03
1.067312713712453842e-02
9.500891901552677155e-03
1.069232448935508728e-02
1.020118221640586853e-02
9.113378822803497314e-03
1.129251439124345779e-02
8.969259448349475861e-03
7.831356488168239594e-03
9.798054583370685577e-03
