5.839260993525385857e-04
1.147680263966321945e-02
4.883745568804442883e-04
2.548041229601949453e-04
5.308419349603354931e-04
4.671408969443291426e-04
3.397388209123164415e-04
3.503556654322892427e-04
1.076547428965568542e-02
2.972714835777878761e-03
2.866546274162828922e-04
4.565240524243563414e-04
2.017199294641613960e-04
5.945429438725113869e-04
1.486357359681278467e-04
1.051067025400698185e-03
1.465123728848993778e-03
2.866546274162828922e-04
1.677460502833127975e-03
3.503556654322892427e-04
4.777577123604714870e-04
6.900944863446056843e-04
1.082917558960616589e-03
2.813462167978286743e-03
5.626924103125929832e-04
4.512156359851360321e-03
2.792228478938341141e-03
1.061683797161094844e-04
1.061683797161094844e-04
1.804862549761310220e-04
8.811975712887942791e-04
3.291219763923436403e-04
2.548041229601949453e-04
3.503556654322892427e-04
8.387302514165639877e-04
4.459072079043835402e-04
4.034398589283227921e-04
4.140567034482955933e-04
5.839260993525385857e-04
3.397388209123164415e-04
3.291219763923436403e-04
7.644123397767543793e-04
1.380188914481550455e-04
2.866546274162828922e-04
4.565240524243563414e-04
1.911030849441885948e-04
2.548041229601949453e-04
2.335704484721645713e-04
2.760377828963100910e-04
3.609725099522620440e-04
2.272003330290317535e-03
2.654209674801677465e-04
1.719927764497697353e-03
1.199702732264995575e-03
2.866546274162828922e-04
1.794245676137506962e-03
2.441872784402221441e-04
2.866546274162828922e-04
1.911030849441885948e-04
2.335704484721645713e-04
4.363520536571741104e-03
3.397388209123164415e-04
5.626924103125929832e-04
2.452489687129855156e-03
8.206816390156745911e-03
2.612803876399993896e-02
1.592525804881006479e-04
1.019216491840779781e-03
4.246735188644379377e-04
2.972714719362556934e-04
2.346321241930127144e-03
3.397388209123164415e-04
3.928230144083499908e-04
4.246735188644379377e-04
3.779594320803880692e-03
1.698694104561582208e-04
2.229536039521917701e-04
8.493470377288758755e-04
1.603142591193318367e-03
3.503556654322892427e-04
2.123367594322189689e-04
2.654209674801677465e-04
2.441872784402221441e-04
7.219450199045240879e-04
3.822061698883771896e-04
7.962628733366727829e-04
6.370103219524025917e-04
1.486357359681278467e-04
7.431787089444696903e-04
1.380188914481550455e-04
1.592525804881006479e-04
4.989914014004170895e-04
2.441872784402221441e-04
5.839260993525385857e-04
8.493470522807911038e-05
1.698694104561582208e-04
6.794776418246328831e-04
1.134940050542354584e-02
4.777577123604714870e-04
1.677460502833127975e-03
2.123367594322189689e-04
5.637540947645902634e-03
4.066248890012502670e-03
6.794776418246328831e-04
5.096082459203898907e-04
3.715893544722348452e-04
2.760377828963100910e-04
2.972714719362556934e-04
1.167852242360822856e-04
1.008599647320806980e-03
4.883745568804442883e-04
3.928230144083499908e-04
1.008599647320806980e-03
3.078883164562284946e-04
9.448985802009701729e-04
7.113281753845512867e-04
1.040450180880725384e-03
6.263934774324297905e-04
1.412039506249129772e-03
1.911030849441885948e-04
1.592525804881006479e-04
1.911030849441885948e-04
2.441872784402221441e-04
1.804862549761310220e-04
2.760377828963100910e-04
1.634993124753236771e-03
8.493470377288758755e-04
3.047032514587044716e-03
1.475740573368966579e-03
7.962628733366727829e-04
5.947552993893623352e-02
3.715893544722348452e-04
4.246735188644379377e-04
2.654209674801677465e-04
2.006582450121641159e-03
4.066248890012502670e-03
1.698694104561582208e-04
2.314470708370208740e-03
3.291219763923436403e-04
6.157766329124569893e-04
2.760377828963100910e-04
4.459072079043835402e-04
2.441872784402221441e-04
1.061683797161094844e-04
3.185051609762012959e-04
1.560675213113427162e-03
2.017199294641613960e-04
4.989914014004170895e-04
3.609725099522620440e-04
2.654209674801677465e-04
8.174965623766183853e-04
2.441872784402221441e-04
2.208302263170480728e-03
5.202250904403626919e-04
2.017199294641613960e-04
6.370103219524025917e-04
5.945429438725113869e-04
3.185051609762012959e-04
2.229536039521917701e-04
2.548041229601949453e-04
1.274020614800974727e-04
2.335704484721645713e-04
2.229536039521917701e-04
1.167852198705077171e-03
3.078883164562284946e-04
2.229536039521917701e-04
2.548041229601949453e-04
2.303853863850235939e-03
1.199702732264995575e-03
1.082917558960616589e-03
3.715893544722348452e-04
2.548041229601949453e-04
2.760377828963100910e-04
2.229536039521917701e-04
2.760377828963100910e-04
3.503556654322892427e-04
2.229536039521917701e-04
1.008599647320806980e-03
2.282620174810290337e-03
2.441872784402221441e-04
6.040981039404869080e-03
7.113281753845512867e-04
2.076653577387332916e-02
2.070283517241477966e-03
6.794776418246328831e-04
6.794776418246328831e-04
7.856460288166999817e-04
3.269986249506473541e-03
3.684042952954769135e-03
9.422443807125091553e-02
4.034398589283227921e-04
3.187174722552299500e-02
1.082917558960616589e-03
1.762395142577588558e-03
4.045015200972557068e-03
3.291219763923436403e-04
5.414587794803082943e-04
1.550058368593454361e-03
5.733092548325657845e-04
6.582439527846872807e-04
5.202250904403626919e-04
2.075591869652271271e-02
2.017199294641613960e-04
8.811975712887942791e-04
1.369572128169238567e-03
9.979828028008341789e-04
8.811975712887942791e-04
1.443890039809048176e-03
7.537954952567815781e-04
7.644123397767543793e-04
1.072300714440643787e-03
9.979828028008341789e-04
5.531372968107461929e-03
4.894362296909093857e-03
1.836713054217398167e-03
6.317018996924161911e-03
2.335704484721645713e-04
1.304809469729661942e-02
2.441872784402221441e-04
4.989914014004170895e-04
3.503556654322892427e-04
2.229535952210426331e-03
5.106699187308549881e-03
9.024312603287398815e-04
1.433273195289075375e-03
1.040450180880725384e-03
1.751778298057615757e-03
3.397388209123164415e-04
2.441872784402221441e-04
9.448985802009701729e-04
2.441872784402221441e-04
3.397388209123164415e-04
4.140567034482955933e-04
1.592525804881006479e-04
3.078883164562284946e-04
2.325087552890181541e-03
3.609725099522620440e-04
1.309162378311157227e-01
3.503556654322892427e-04
9.979828028008341789e-04
1.666843658313155174e-03
2.972714719362556934e-04
2.123367594322189689e-04
4.140567034482955933e-04
7.007113308645784855e-04
1.741161453537642956e-03
2.187068806961178780e-03
3.291219763923436403e-04
7.537954952567815781e-04
1.826096209697425365e-03
1.252786954864859581e-03
2.972714719362556934e-04
2.760377828963100910e-04
1.443890039809048176e-03
2.335704484721645713e-04
2.866546274162828922e-04
2.123367594322189689e-04
3.822061698883771896e-04
3.609725099522620440e-04
4.246735188644379377e-04
2.760377828963100910e-04
2.123367594322189689e-04
3.715893544722348452e-04
7.325618644244968891e-04
1.231553265824913979e-03
1.581908902153372765e-03
1.274020614800974727e-04
6.794776418246328831e-04
3.185051609762012959e-04
4.246735188644379377e-04
2.972714719362556934e-04
3.514173440635204315e-03
3.822061698883771896e-04
2.091517206281423569e-03
1.848391629755496979e-02
4.289202857762575150e-03
5.616307258605957031e-03
3.503556654322892427e-04
5.743709392845630646e-03
7.176982704550027847e-03
4.034398589283227921e-04
4.066248890012502670e-03
1.624376280233263969e-03
9.024312603287398815e-04
5.839260993525385857e-04
1.029833336360752583e-03
2.017199294641613960e-04
9.183565154671669006e-03
2.441872784402221441e-04
2.229536039521917701e-04
2.760377828963100910e-04
3.078883164562284946e-04
5.202250904403626919e-04
7.007113308645784855e-04
2.866546274162828922e-04
9.767491137608885765e-04
4.883745568804442883e-04
1.486357417888939381e-03
2.133984584361314774e-03
2.484340220689773560e-03
5.414587794803082943e-04
2.760377828963100910e-04
1.857946743257343769e-03
6.688607973046600819e-04
4.352903633844107389e-04
5.733092548325657845e-04
4.459072079043835402e-04
9.661322692409157753e-04
1.953498227521777153e-03
5.414587794803082943e-04
8.599638822488486767e-04
6.370103219524025917e-04
1.073362398892641068e-02
4.352903633844107389e-04
2.155218273401260376e-03
1.698694104561582208e-04
1.380188914481550455e-04
2.866546274162828922e-04
1.783628831617534161e-03
1.911030849441885948e-04
3.078883164562284946e-04
3.503556654322892427e-04
2.760377828963100910e-04
1.539441524073481560e-03
1.061683797161094844e-04
1.645609969273209572e-03
2.017199294641613960e-04
1.804862549761310220e-04
1.029833336360752583e-03
1.698694104561582208e-04
4.204268101602792740e-03
2.864423021674156189e-02
4.246735188644379377e-04
6.051597883924841881e-04
9.682556614279747009e-03
2.335704397410154343e-03
1.578723825514316559e-02
4.246735188644379377e-04
3.928230144083499908e-04
6.582439527846872807e-04
6.985879503190517426e-03
1.358955283649265766e-03
2.346321241930127144e-03
3.291219763923436403e-04
3.047032514587044716e-03
2.091517206281423569e-03
8.493470522807911038e-05
1.762395165860652924e-02
6.412570364773273468e-03
3.758360864594578743e-03
9.873659582808613777e-04
4.883745568804442883e-04
9.066780097782611847e-03
2.346321241930127144e-03
3.861344233155250549e-02
2.144601428881287575e-03
7.983862422406673431e-03
1.879180432297289371e-03
2.972714719362556934e-04
8.493470522807911038e-05
1.072300714440643787e-03
1.212442945688962936e-02
3.609725099522620440e-04
5.839261226356029510e-03
5.945429438725113869e-04
4.352903633844107389e-04
4.204268101602792740e-03
1.082917558960616589e-03
4.586474038660526276e-03
1.518207881599664688e-02
2.654209674801677465e-04
3.174434648826718330e-03
