2.788986470448611300e-03
5.370282459055304713e-03
3.768098741989081395e-03
2.699976263944932516e-03
3.115357227628768287e-03
4.183479705672917166e-03
3.352717778305245623e-03
2.403275575599335412e-03
4.391170187514835052e-03
3.530738191312604059e-03
2.670306195110372632e-03
2.165915024922857642e-03
2.492285782103014630e-03
2.788986470448611300e-03
3.145027296463327737e-03
2.017564680750059524e-03
3.827438879658200729e-03
2.492285782103014630e-03
2.967006883455969735e-03
3.352717778305245623e-03
1.542843579397104202e-03
2.670306195110372632e-03
3.768098741989081395e-03
2.047234749584618974e-03
4.153809636838357716e-03
2.788986470448611300e-03
3.827438879658200729e-03
2.017564680750059524e-03
2.432945644433895296e-03
2.699976263944932516e-03
2.818656539283171183e-03
2.759316401614051849e-03
3.145027296463327737e-03
3.174697365297887621e-03
2.610966057441253298e-03
2.581295988606693414e-03
2.937336814621409851e-03
2.581295988606693414e-03
1.898884405411820639e-03
2.788986470448611300e-03
2.967006883455969735e-03
1.720863992404462420e-03
1.958224543080939756e-03
2.017564680750059524e-03
2.759316401614051849e-03
1.750534061239022087e-03
2.136244956088298192e-03
3.085687158794208403e-03
2.047234749584618974e-03
2.610966057441253298e-03
2.848326608117730634e-03
2.877996676952290517e-03
2.996676952290529185e-03
2.373605506764775528e-03
3.412057915974364957e-03
2.076904818419178858e-03
2.937336814621409851e-03
3.145027296463327737e-03
2.047234749584618974e-03
2.492285782103014630e-03
9.494422027059103196e-04
2.343935437930216078e-03
1.987894611915499640e-03
1.216472822216947648e-03
2.551625919772133964e-03
2.076904818419178858e-03
2.492285782103014630e-03
2.551625919772133964e-03
2.551625919772133964e-03
3.026347021125089069e-03
2.462615713268454746e-03
2.492285782103014630e-03
2.403275575599335412e-03
3.085687158794208403e-03
2.788986470448611300e-03
1.869214336577260755e-03
2.759316401614051849e-03
2.640636126275812748e-03
3.174697365297887621e-03
2.818656539283171183e-03
3.145027296463327737e-03
2.818656539283171183e-03
3.115357227628768287e-03
3.263707571801566405e-03
3.026347021125089069e-03
2.937336814621409851e-03
2.907666745786850401e-03
3.085687158794208403e-03
2.788986470448611300e-03
2.314265369095656194e-03
2.165915024922857642e-03
3.204367434132447071e-03
3.827438879658200729e-03
3.263707571801566405e-03
2.225255162591977410e-03
2.254925231426536860e-03
3.946119154996439830e-03
2.996676952290529185e-03
2.788986470448611300e-03
3.352717778305245623e-03
2.699976263944932516e-03
2.403275575599335412e-03
2.729646332779491966e-03
4.183479705672917166e-03
3.441727984808924841e-03
2.373605506764775528e-03
4.183479705672917166e-03
1.958224543080939756e-03
8.901020650367908772e-04
3.115357227628768287e-03
3.263707571801566405e-03
2.699976263944932516e-03
2.373605506764775528e-03
3.946119154996439830e-03
2.699976263944932516e-03
2.314265369095656194e-03
3.857108948492760613e-03
4.213149774507476616e-03
2.403275575599335412e-03
2.047234749584618974e-03
2.640636126275812748e-03
1.572513648231663869e-03
3.056017089959648519e-03
2.551625919772133964e-03
2.729646332779491966e-03
2.729646332779491966e-03
3.352717778305245623e-03
3.857108948492760613e-03
2.373605506764775528e-03
2.937336814621409851e-03
3.590078328981723393e-03
2.581295988606693414e-03
3.056017089959648519e-03
3.085687158794208403e-03
2.907666745786850401e-03
3.501068122478044175e-03
1.542843579397104202e-03
3.204367434132447071e-03
4.005459292665558731e-03
2.640636126275812748e-03
3.145027296463327737e-03
2.521955850937574080e-03
2.848326608117730634e-03
1.928554474246380306e-03
2.165915024922857642e-03
4.005459292665558731e-03
2.017564680750059524e-03
3.412057915974364957e-03
3.382387847139805507e-03
2.670306195110372632e-03
3.471398053643484291e-03
2.818656539283171183e-03
3.085687158794208403e-03
2.521955850937574080e-03
1.928554474246380306e-03
3.352717778305245623e-03
2.729646332779491966e-03
3.234037502967006955e-03
2.907666745786850401e-03
2.996676952290529185e-03
2.195585093757417526e-03
3.708758604319962061e-03
2.848326608117730634e-03
2.462615713268454746e-03
2.699976263944932516e-03
1.928554474246380306e-03
3.115357227628768287e-03
1.869214336577260755e-03
3.115357227628768287e-03
5.637313078566342367e-03
2.165915024922857642e-03
2.462615713268454746e-03
3.115357227628768287e-03
2.907666745786850401e-03
2.937336814621409851e-03
2.551625919772133964e-03
2.284595300261096744e-03
3.056017089959648519e-03
2.848326608117730634e-03
2.670306195110372632e-03
3.590078328981723393e-03
2.314265369095656194e-03
1.691193923569902753e-03
1.869214336577260755e-03
1.691193923569902753e-03
2.699976263944932516e-03
1.987894611915499640e-03
2.165915024922857642e-03
2.521955850937574080e-03
2.670306195110372632e-03
1.216472822216947648e-03
3.056017089959648519e-03
2.225255162591977410e-03
1.335153097555186316e-03
2.788986470448611300e-03
2.254925231426536860e-03
2.076904818419178858e-03
2.136244956088298192e-03
2.373605506764775528e-03
2.076904818419178858e-03
1.780204130073581754e-03
3.145027296463327737e-03
9.494422027059103196e-04
1.869214336577260755e-03
3.174697365297887621e-03
2.877996676952290517e-03
4.450510325183954820e-03
2.017564680750059524e-03
2.967006883455969735e-03
4.361500118680275602e-03
2.996676952290529185e-03
4.064799430334678498e-03
1.958224543080939756e-03
2.343935437930216078e-03
2.788986470448611300e-03
3.026347021125089069e-03
1.839544267742701088e-03
4.005459292665558731e-03
2.699976263944932516e-03
2.373605506764775528e-03
3.056017089959648519e-03
2.106574887253738308e-03
2.788986470448611300e-03
1.394493235224305650e-03
3.323047709470686173e-03
2.699976263944932516e-03
3.738428673154521511e-03
3.085687158794208403e-03
2.907666745786850401e-03
3.263707571801566405e-03
2.314265369095656194e-03
3.323047709470686173e-03
2.759316401614051849e-03
2.165915024922857642e-03
2.521955850937574080e-03
2.937336814621409851e-03
2.462615713268454746e-03
2.492285782103014630e-03
2.670306195110372632e-03
3.293377640636126289e-03
2.670306195110372632e-03
2.729646332779491966e-03
3.263707571801566405e-03
4.420840256349394502e-03
2.759316401614051849e-03
3.501068122478044175e-03
2.610966057441253298e-03
3.619748397816282843e-03
3.857108948492760613e-03
1.780204130073581754e-03
3.234037502967006955e-03
2.640636126275812748e-03
3.679088535485402177e-03
4.064799430334678498e-03
4.509850462853073720e-03
2.373605506764775528e-03
2.076904818419178858e-03
2.818656539283171183e-03
3.234037502967006955e-03
5.607643009731782917e-03
2.314265369095656194e-03
2.284595300261096744e-03
4.331830049845715284e-03
2.877996676952290517e-03
2.729646332779491966e-03
2.788986470448611300e-03
2.106574887253738308e-03
4.509850462853073720e-03
2.759316401614051849e-03
2.551625919772133964e-03
1.068122478044149096e-03
3.056017089959648519e-03
2.373605506764775528e-03
2.937336814621409851e-03
1.513173510562544535e-03
1.809874198908141421e-03
2.877996676952290517e-03
1.335153097555186316e-03
1.750534061239022087e-03
2.729646332779491966e-03
3.174697365297887621e-03
2.165915024922857642e-03
2.521955850937574080e-03
1.898884405411820639e-03
3.026347021125089069e-03
2.403275575599335412e-03
1.424163304058865317e-03
3.708758604319962061e-03
2.610966057441253298e-03
1.898884405411820639e-03
3.619748397816282843e-03
2.373605506764775528e-03
2.670306195110372632e-03
2.788986470448611300e-03
2.610966057441253298e-03
3.827438879658200729e-03
3.590078328981723393e-03
2.492285782103014630e-03
3.056017089959648519e-03
2.877996676952290517e-03
2.521955850937574080e-03
2.284595300261096744e-03
2.699976263944932516e-03
2.996676952290529185e-03
3.323047709470686173e-03
2.314265369095656194e-03
2.343935437930216078e-03
2.759316401614051849e-03
3.204367434132447071e-03
3.174697365297887621e-03
3.026347021125089069e-03
2.581295988606693414e-03
2.818656539283171183e-03
2.877996676952290517e-03
1.335153097555186316e-03
2.165915024922857642e-03
2.551625919772133964e-03
2.581295988606693414e-03
1.750534061239022087e-03
2.877996676952290517e-03
2.343935437930216078e-03
2.492285782103014630e-03
3.204367434132447071e-03
1.275812959886066982e-03
2.432945644433895296e-03
3.145027296463327737e-03
2.373605506764775528e-03
2.551625919772133964e-03
1.157132684547828097e-03
1.661523854735343086e-03
2.907666745786850401e-03
1.898884405411820639e-03
1.780204130073581754e-03
2.551625919772133964e-03
2.076904818419178858e-03
2.551625919772133964e-03
1.275812959886066982e-03
2.818656539283171183e-03
2.937336814621409851e-03
6.171374317588416807e-03
2.017564680750059524e-03
2.195585093757417526e-03
2.432945644433895296e-03
2.848326608117730634e-03
2.284595300261096744e-03
1.008782340375029762e-03
1.186802753382387764e-03
4.420840256349394502e-03
2.195585093757417526e-03
1.661523854735343086e-03
4.124139568003797399e-03
2.432945644433895296e-03
2.106574887253738308e-03
1.780204130073581754e-03
1.335153097555186316e-03
1.216472822216947648e-03
1.335153097555186316e-03
1.869214336577260755e-03
1.720863992404462420e-03
1.780204130073581754e-03
2.373605506764775528e-03
2.581295988606693414e-03
1.246142891051507315e-03
1.068122478044149096e-03
2.076904818419178858e-03
1.305483028720626649e-03
4.420840256349394502e-03
1.275812959886066982e-03
1.928554474246380306e-03
2.225255162591977410e-03
1.987894611915499640e-03
9.791122715404698782e-04
