8.800000000000000000e+03
4.000000000000000000e+03
2.800000000000000000e+03
1.160000000000000000e+04
6.100000000000000000e+03
7.600000000000000000e+03
1.210000000000000000e+04
1.670000000000000000e+04
1.620000000000000000e+04
4.520000000000000000e+04
2.230000000000000000e+04
1.390000000000000000e+04
1.460000000000000000e+04
1.410000000000000000e+04
2.140000000000000000e+04
2.610000000000000000e+04
2.340000000000000000e+04
4.800000000000000000e+03
1.280000000000000000e+04
1.850000000000000000e+04
1.100000000000000000e+04
2.440000000000000000e+04
1.450000000000000000e+04
7.700000000000000000e+03
