0.000000000000000000e+00 6.000816345214843750e+00 4.008690834045410156e+00 8.278092384338378906e+00 1.059346675872802734e+01 1.257441425323486328e+01 3.276678085327148438e+01 2.726536941528320312e+01 2.024477767944335938e+01 2.592731094360351562e+01 1.541139316558837891e+01 8.028869628906250000e+00 1.105166625976562500e+01 2.910267829895019531e+01 3.964968109130859375e+01 3.799484252929687500e+01 4.223532867431640625e+01 3.482901000976562500e+01 4.397589111328125000e+01 3.908837890625000000e+01 4.046525192260742188e+01 4.467876052856445312e+01 3.243561935424804688e+01 2.871267509460449219e+01
6.000833988189697266e+00 0.000000000000000000e+00 1.000952529907226562e+01 1.427892684936523438e+01 1.659430122375488281e+01 6.573598384857177734e+00 2.676596641540527344e+01 2.126455307006835938e+01 2.624561119079589844e+01 3.192814445495605469e+01 2.141222763061523438e+01 1.402970409393310547e+01 1.705249977111816406e+01 3.510351181030273438e+01 4.565051651000976562e+01 3.199402618408203125e+01 4.149548339843750000e+01 2.882819175720214844e+01 4.260281372070312500e+01 3.308756256103515625e+01 4.125322341918945312e+01 4.080069351196289062e+01 3.843645477294921875e+01 3.471350860595703125e+01
4.008586883544921875e+00 1.000940322875976562e+01 0.000000000000000000e+00 4.269402027130126953e+00 6.584775924682617188e+00 1.658300209045410156e+01 3.677536773681640625e+01 3.127395629882812500e+01 1.623608589172363281e+01 2.191861915588378906e+01 1.140270233154296875e+01 4.020179271697998047e+00 7.042975902557373047e+00 2.509398841857910156e+01 3.564099121093750000e+01 4.200342941284179688e+01 3.822663497924804688e+01 3.883759307861328125e+01 3.996720123291015625e+01 4.309696578979492188e+01 3.645656204223632812e+01 4.067006683349609375e+01 2.842692947387695312e+01 2.470398330688476562e+01
8.279854774475097656e+00 1.428067111968994141e+01 4.271267890930175781e+00 0.000000000000000000e+00 2.315374135971069336e+00 1.231359958648681641e+01 3.250596618652343750e+01 2.700455474853515625e+01 1.196668434143066406e+01 1.764921760559082031e+01 7.133300304412841797e+00 8.291446685791015625e+00 1.131424331665039062e+01 2.082458686828613281e+01 3.137158775329589844e+01 3.773402786254882812e+01 3.395723342895507812e+01 3.456819152832031250e+01 3.569779968261718750e+01 3.882756423950195312e+01 4.072782897949218750e+01 4.045973205566406250e+01 2.990393066406250000e+01 2.897525024414062500e+01
1.059692668914794922e+01 1.659774208068847656e+01 6.588339805603027344e+00 2.317072153091430664e+00 0.000000000000000000e+00 9.998225212097167969e+00 3.019059371948242188e+01 2.468918037414550781e+01 9.651310920715332031e+00 1.533384418487548828e+01 9.450372695922851562e+00 1.060851955413818359e+01 1.363131523132324219e+01 2.314165878295898438e+01 2.905621337890625000e+01 3.541865539550781250e+01 3.164186096191406250e+01 3.225281906127929688e+01 3.338242721557617188e+01 3.651219177246093750e+01 4.234540939331054688e+01 3.814435958862304688e+01 3.222100448608398438e+01 3.129232406616210938e+01
1.260035133361816406e+01 6.599517822265625000e+00 1.660904312133789062e+01 1.233777523040771484e+01 1.002070236206054688e+01 0.000000000000000000e+00 2.019236755371093750e+01 1.469095516204833984e+01 1.967201232910156250e+01 2.535454559326171875e+01 1.947107505798339844e+01 2.062922096252441406e+01 2.365201759338378906e+01 3.316236114501953125e+01 3.907691574096679688e+01 2.542042922973632812e+01 3.492188644409179688e+01 2.225459289550781250e+01 3.602921295166015625e+01 2.651396560668945312e+01 3.467962646484375000e+01 3.422709655761718750e+01 4.224170684814453125e+01 4.131302642822265625e+01
3.297667312622070312e+01 2.697583770751953125e+01 3.698536300659179688e+01 3.271409606933593750e+01 3.039702224731445312e+01 2.037631988525390625e+01 0.000000000000000000e+00 5.552160263061523438e+00 2.072686767578125000e+01 2.546433639526367188e+01 3.787002563476562500e+01 4.100554275512695312e+01 4.402833938598632812e+01 3.254698181152343750e+01 2.017237663269042969e+01 5.228060722351074219e+00 1.472951889038085938e+01 2.062225580215454102e+00 1.583684635162353516e+01 6.321596622467041016e+00 1.448725795745849609e+01 1.403472709655761719e+01 2.640053176879882812e+01 2.641131782531738281e+01
2.742451095581054688e+01 2.142367744445800781e+01 3.143320274353027344e+01 2.716193389892578125e+01 2.484486198425292969e+01 1.482415962219238281e+01 5.501412868499755859e+00 0.000000000000000000e+00 1.517470741271972656e+01 2.085724067687988281e+01 3.326293182373046875e+01 3.545338058471679688e+01 3.847617721557617188e+01 3.804839324951171875e+01 2.567378997802734375e+01 1.072947311401367188e+01 2.023093223571777344e+01 7.563638687133789062e+00 2.133825874328613281e+01 1.182300949096679688e+01 1.998867034912109375e+01 1.953614044189453125e+01 3.190194511413574219e+01 3.191273117065429688e+01
2.026708030700683594e+01 2.626789665222167969e+01 1.625849533081054688e+01 1.198722648620605469e+01 9.670154571533203125e+00 1.966837882995605469e+01 2.053928184509277344e+01 1.503786945343017578e+01 0.000000000000000000e+00 5.682533264160156250e+00 1.808822250366210938e+01 2.027867317199707031e+01 2.330146980285644531e+01 3.177950859069824219e+01 1.940490341186523438e+01 2.576734352111816406e+01 2.199055099487304688e+01 2.260150909423828125e+01 2.373111534118652344e+01 2.686087989807128906e+01 3.269409561157226562e+01 2.849304771423339844e+01 4.085885238647460938e+01 4.096247863769531250e+01
2.598432540893554688e+01 3.198514175415039062e+01 2.197573852539062500e+01 1.770446968078613281e+01 1.538739776611328125e+01 2.538562393188476562e+01 2.531146049499511719e+01 2.075511360168457031e+01 5.717243194580078125e+00 0.000000000000000000e+00 1.240568923950195312e+01 2.599591636657714844e+01 2.901871299743652344e+01 2.609697532653808594e+01 1.372237014770507812e+01 2.008481025695800781e+01 1.630801773071289062e+01 2.324827384948730469e+01 1.804858207702636719e+01 2.750764656066894531e+01 2.701156425476074219e+01 2.281051445007324219e+01 3.517631912231445312e+01 3.893562316894531250e+01
1.550287914276123047e+01 2.150369453430175781e+01 1.149429225921630859e+01 7.223024368286132812e+00 9.538398742675781250e+00 1.953662300109863281e+01 3.751471710205078125e+01 3.295836639404296875e+01 1.792049789428710938e+01 1.220325469970703125e+01 0.000000000000000000e+00 1.359022808074951172e+01 1.661302375793457031e+01 1.369128608703613281e+01 2.592562484741210938e+01 3.228806304931640625e+01 2.851127243041992188e+01 3.545153045654296875e+01 3.025183677673339844e+01 3.971089935302734375e+01 3.828251266479492188e+01 3.501376724243164062e+01 2.277062988281250000e+01 2.652993392944335938e+01
8.028377532958984375e+00 1.402919292449951172e+01 4.019790649414062500e+00 8.289192199707031250e+00 1.060456657409667969e+01 2.060279083251953125e+01 4.079515838623046875e+01 3.529374694824218750e+01 2.025587654113769531e+01 2.593840980529785156e+01 1.373515605926513672e+01 0.000000000000000000e+00 3.022796630859375000e+00 2.742644119262695312e+01 3.966078186035156250e+01 4.602322006225585938e+01 4.224642562866210938e+01 4.285738372802734375e+01 4.398699188232421875e+01 4.051802062988281250e+01 3.243638229370117188e+01 3.664989089965820312e+01 2.440675163269042969e+01 2.068380355834960938e+01
1.105185699462890625e+01 1.705267333984375000e+01 7.043270111083984375e+00 1.131267166137695312e+01 1.362804603576660156e+01 2.362627220153808594e+01 4.381863784790039062e+01 3.831722640991210938e+01 2.327935600280761719e+01 2.896188926696777344e+01 1.675863456726074219e+01 3.023479700088500977e+00 0.000000000000000000e+00 3.044992065429687500e+01 4.268426132202148438e+01 4.492128753662109375e+01 4.526990890502929688e+01 4.175545120239257812e+01 4.701047134399414062e+01 3.749522399902343750e+01 2.941358757019042969e+01 3.362709426879882812e+01 2.138395500183105469e+01 1.766100692749023438e+01
2.934552383422851562e+01 3.534634017944335938e+01 2.533693695068359375e+01 2.106567001342773438e+01 2.338104438781738281e+01 3.337926864624023438e+01 3.234303283691406250e+01 3.789519119262695312e+01 3.176314353942871094e+01 2.604590034484863281e+01 1.384264469146728516e+01 2.743287277221679688e+01 3.045566940307617188e+01 0.000000000000000000e+00 1.223433876037597656e+01 3.344567871093750000e+01 2.397282600402832031e+01 3.027984428405761719e+01 1.656055068969726562e+01 2.601961517333984375e+01 2.459122848510742188e+01 2.132248306274414062e+01 9.079344749450683594e+00 1.283864879608154297e+01
3.979588317871093750e+01 4.579669952392578125e+01 3.578730010986328125e+01 3.151603126525878906e+01 2.919895744323730469e+01 3.919718170166015625e+01 2.010869216918945312e+01 2.566085243225097656e+01 1.952880477905273438e+01 1.381156063079833984e+01 2.621725082397460938e+01 3.980747604370117188e+01 4.283027267456054688e+01 1.237460517883300781e+01 0.000000000000000000e+00 2.121133995056152344e+01 1.173848628997802734e+01 1.804550552368164062e+01 4.326211929321289062e+00 1.378527545928955078e+01 1.328919315338134766e+01 9.088143348693847656e+00 2.145394897460937500e+01 2.521325302124023438e+01
3.820332336425781250e+01 3.220248794555664062e+01 4.221201324462890625e+01 3.794074630737304688e+01 3.562367248535156250e+01 2.560297203063964844e+01 5.226651191711425781e+00 1.077881145477294922e+01 2.595351982116699219e+01 2.023627662658691406e+01 3.264196395874023438e+01 4.623219299316406250e+01 4.512957763671875000e+01 3.364822006225585938e+01 2.127361679077148438e+01 0.000000000000000000e+00 9.501458168029785156e+00 3.163464784622192383e+00 1.693808555603027344e+01 7.422835826873779297e+00 1.558849716186523438e+01 1.513596630096435547e+01 2.750177192687988281e+01 2.751255607604980469e+01
4.229234313964843750e+01 4.167534255981445312e+01 3.828375625610351562e+01 3.401248550415039062e+01 3.169541549682617188e+01 3.507582473754882812e+01 1.469950580596923828e+01 2.025166511535644531e+01 2.202526092529296875e+01 1.630801773071289062e+01 2.871370697021484375e+01 4.230393600463867188e+01 4.532673263549804688e+01 2.414676284790039062e+01 1.177215766906738281e+01 9.472854614257812500e+00 0.000000000000000000e+00 1.263631916046142578e+01 7.436626911163330078e+00 1.689569091796875000e+01 2.506135177612304688e+01 2.086030197143554688e+01 3.322610855102539062e+01 3.698541259765625000e+01
3.503985977172851562e+01 2.903902435302734375e+01 3.904854965209960938e+01 3.477728271484375000e+01 3.246020889282226562e+01 2.243950653076171875e+01 2.063186407089233398e+00 7.615346908569335938e+00 2.279005432128906250e+01 2.340211105346679688e+01 3.580780029296875000e+01 4.306872940063476562e+01 4.196611404418945312e+01 3.048475646972656250e+01 1.811015129089355469e+01 3.165834903717041016e+00 1.266729354858398438e+01 0.000000000000000000e+00 1.377462005615234375e+01 4.259371280670166016e+00 1.242503166198730469e+01 1.197250080108642578e+01 2.433830642700195312e+01 2.434909248352050781e+01
4.413141632080078125e+01 4.275831604003906250e+01 4.012282943725585938e+01 3.585156250000000000e+01 3.353448867797851562e+01 3.615879821777343750e+01 1.578248023986816406e+01 2.133464050292968750e+01 2.386433410644531250e+01 1.814709091186523438e+01 3.055278015136718750e+01 4.414300918579101562e+01 4.716580581665039062e+01 1.671013641357421875e+01 4.335530757904052734e+00 1.688512802124023438e+01 7.412273883819580078e+00 1.371929359436035156e+01 0.000000000000000000e+00 9.459063529968261719e+00 1.762472343444824219e+01 1.342367458343505859e+01 2.578948020935058594e+01 2.954878425598144531e+01
3.930008697509765625e+01 3.329925537109375000e+01 4.330878067016601562e+01 3.903750991821289062e+01 3.672043991088867188e+01 2.669973564147949219e+01 6.323416233062744141e+00 1.187557697296142578e+01 2.705028343200683594e+01 2.766234016418457031e+01 4.006803131103515625e+01 4.073022079467773438e+01 3.770674133300781250e+01 2.622538566589355469e+01 1.385078048706054688e+01 7.426064968109130859e+00 1.692752265930175781e+01 4.260230064392089844e+00 9.515249252319335938e+00 0.000000000000000000e+00 8.165660858154296875e+00 7.713129997253417969e+00 2.007893562316894531e+01 2.008971977233886719e+01
4.059293746948242188e+01 4.138088989257812500e+01 3.658435058593750000e+01 4.085375213623046875e+01 4.246963119506835938e+01 3.478137207031250000e+01 1.440505218505859375e+01 1.995721244812011719e+01 3.279947662353515625e+01 2.708223342895507812e+01 3.855561828613281250e+01 3.256455993652343750e+01 2.954108047485351562e+01 2.471297264099121094e+01 1.327067279815673828e+01 1.550770092010498047e+01 2.500915908813476562e+01 1.234186553955078125e+01 1.759688568115234375e+01 8.081635475158691406e+00 0.000000000000000000e+00 4.213505744934082031e+00 1.564700698852539062e+01 1.192405986785888672e+01
4.479398727416992188e+01 4.101238250732421875e+01 4.078540039062500000e+01 4.057319641113281250e+01 3.825612640380859375e+01 3.441286468505859375e+01 1.403654670715332031e+01 1.958870697021484375e+01 2.858597183227539062e+01 2.286872673034667969e+01 3.527441787719726562e+01 3.676560974121093750e+01 3.374213027954101562e+01 2.143177223205566406e+01 9.057167053222656250e+00 1.513919448852539062e+01 2.079565238952636719e+01 1.197336006164550781e+01 1.338337898254394531e+01 7.713129997253417969e+00 4.201049804687500000e+00 0.000000000000000000e+00 1.236580562591552734e+01 1.612511062622070312e+01
3.242818069458007812e+01 3.842899703979492188e+01 2.841959571838378906e+01 3.013163566589355469e+01 3.244701004028320312e+01 4.244523620605468750e+01 2.627968406677246094e+01 3.183184623718261719e+01 4.082910919189453125e+01 3.511186599731445312e+01 2.290861129760742188e+01 2.439980506896972656e+01 2.137632560729980469e+01 9.065966606140136719e+00 2.130030632019042969e+01 2.738233375549316406e+01 3.303879165649414062e+01 2.421649932861328125e+01 2.562651824951171875e+01 1.995626831054687500e+01 1.551188373565673828e+01 1.224313831329345703e+01 0.000000000000000000e+00 3.759304285049438477e+00
2.866887664794921875e+01 3.466969299316406250e+01 2.466029167175292969e+01 2.892969322204589844e+01 3.124506759643554688e+01 4.124329376220703125e+01 2.615763092041015625e+01 3.170979118347167969e+01 4.089637756347656250e+01 3.883481216430664062e+01 2.663155746459960938e+01 2.064050102233886719e+01 1.761702156066894531e+01 1.278891372680664062e+01 2.502325248718261719e+01 2.726028060913085938e+01 3.676173782348632812e+01 2.409444427490234375e+01 2.934946441650390625e+01 1.983421516418457031e+01 1.175257968902587891e+01 1.596608543395996094e+01 3.722946643829345703e+00 0.000000000000000000e+00
