2.657734062047738960e-02 1.594857400077031272e-04 1.065403417386104660e-04 2.200096809863409263e-04 2.815461743984193485e-04 3.341944907112088148e-04 8.708538957739329943e-04 7.246410100931280915e-04 5.380523521724039958e-04 6.890789743211816554e-04 4.095938455979396308e-04 2.133860029248473011e-04 2.937238986096283515e-04 7.734717941193748267e-04 1.053783079857010087e-03 1.009801871722523650e-03 1.122502716395122960e-03 9.256624625035575352e-04 1.168762237206700519e-03 1.038865160493689663e-03 1.075458783640565038e-03 1.187442637068397960e-03 8.620525038139991792e-04 7.631065461144014711e-04
1.594862089110553902e-04 2.657734062047738960e-02 2.660265633227294367e-04 3.794959025704598699e-04 4.410323959825383192e-04 1.747087633765692411e-04 7.113682064584841893e-04 5.651552700854249644e-04 6.975385484103958054e-04 8.485651705591734650e-04 5.690800671820585473e-04 3.728722245089662718e-04 4.532100948476201611e-04 9.329579903573666363e-04 1.213269326787256219e-03 8.503161317148206317e-04 1.102839596491638190e-03 7.661766718036000859e-04 1.132269491645874603e-03 8.793794204859865359e-04 1.096400970504453039e-03 1.084373929019139633e-03 1.021538750744245203e-03 9.225927423523932807e-04
1.065375790107513185e-04 2.660233190184544457e-04 2.657734062047738960e-02 1.134693519207940273e-04 1.750058326598088825e-04 4.407320950680872402e-04 9.773914747846844213e-04 8.311785891038794101e-04 4.315119850876663688e-04 5.825386072364440284e-04 3.030535038593291648e-04 1.068456738593004157e-04 1.871835695440814660e-04 6.669314777268915218e-04 9.472427634645268907e-04 1.116339450733274969e-03 1.015962298618130902e-03 1.032199940129800318e-03 1.062221920814217105e-03 1.145402739504440982e-03 9.689184672480817334e-04 1.080902219291405902e-03 7.555121874215158743e-04 6.565661790296638441e-04
2.200565206293106813e-04 3.795422606370137814e-04 1.135189416185593492e-04 2.657734062047738960e-02 6.153648707554664550e-05 3.272627304742296460e-04 8.639221355369538797e-04 7.177092498561489769e-04 3.180426458399358814e-04 4.690692679887135952e-04 1.895841519385351511e-04 2.203646028047961979e-04 3.007024984895772753e-04 5.534621384791610886e-04 8.337733735245421354e-04 1.002870111485544644e-03 9.024929593704004690e-04 9.187306008820697763e-04 9.487525815664866720e-04 1.031933400256710440e-03 1.082437383520513854e-03 1.075312080256631561e-03 7.947669511499277266e-04 7.700850953020960728e-04
2.816381301477127730e-04 4.411238448092887391e-04 1.751005511369614544e-04 6.158161585493388197e-05 2.657734062047738960e-02 2.657262370621512508e-04 8.023856928171296983e-04 6.561727564440705818e-04 2.565061777739846473e-04 4.075327999227623069e-04 2.511657741300007962e-04 2.819462376693254507e-04 3.622841080079793399e-04 6.150437479975632074e-04 7.722368801124636318e-04 9.413336687657204629e-04 8.409565166505763960e-04 8.571941581622457033e-04 8.872161388466624906e-04 9.703969575368863671e-04 1.125428369159577188e-03 1.013775637536807597e-03 8.563486113605840592e-04 8.316667555127524054e-04
3.348838293312564589e-04 1.753976330932646764e-04 4.414241964159940860e-04 3.279052547974347503e-04 2.663236199329055247e-04 2.657734062047738960e-02 5.366594304088513406e-04 3.904465193819193309e-04 5.228297723607629567e-04 6.738563945095406163e-04 5.174893940629063209e-04 5.482698322561037601e-04 6.286077279408848646e-04 8.813673679304686237e-04 1.038560500045369265e-03 6.756074063574421052e-04 9.281308711342596638e-04 5.914678957539673456e-04 9.575606649039875408e-04 7.046706951286080094e-04 9.216922451470745126e-04 9.096652036617611063e-04 1.122672231293489475e-03 1.097990375445657930e-03
8.764322742057105604e-04 7.169460272754645371e-04 9.829725905981939738e-04 8.694536743257617450e-04 8.078720141151053040e-04 5.415483941821997793e-04 2.657734062047738960e-02 1.475616544908654672e-04 5.508650222148008457e-04 6.767743420513419985e-04 1.006484570601376459e-03 1.089818277130557862e-03 1.170156172815338966e-03 8.650122217733406497e-04 5.361281248915722095e-04 1.389479506024635764e-04 3.914714407254082690e-04 5.480847168164774106e-05 4.209012598412633071e-04 1.680112267005659543e-04 3.850327893920960109e-04 3.730057225606554436e-04 7.016559253811008789e-04 7.019425900791462399e-04
7.288705690225908253e-04 5.693843727845990157e-04 8.354109361073284524e-04 7.218919691426420098e-04 6.603103596242398910e-04 3.939867396913343664e-04 1.462129236999955902e-04 2.657734062047738960e-02 4.033033677239353243e-04 5.543299898727129839e-04 8.840402691150018753e-04 9.422565719474381265e-04 1.022594467632219123e-03 1.011225107454145553e-03 6.823410612646314344e-04 2.851608616293956132e-04 5.376843770984674397e-04 2.010214017181751215e-04 5.671141708681953168e-04 3.142241504005615716e-04 5.312457004190279664e-04 5.192186589337146685e-04 8.478688617541601039e-04 8.481555264522053564e-04
5.386450967018901245e-04 6.981308367095932516e-04 4.321075683833931281e-04 3.185886014187066313e-04 2.570069919003045125e-04 5.227332036163286023e-04 5.458794896970179441e-04 3.996665786700859344e-04 2.657734062047738960e-02 1.510266221487776867e-04 4.807368506988122289e-04 5.389532042235028022e-04 6.192910999082839067e-04 8.446148245663745316e-04 5.157307276846061998e-04 6.848274656456087087e-04 5.844503642227188555e-04 6.006880057343881628e-04 6.307099357265507364e-04 7.138907544167746129e-04 8.689221153472111115e-04 7.572694344166957343e-04 1.085919637237141170e-03 1.088673747413056864e-03
6.905942671866055179e-04 8.500800071943086450e-04 5.840566881758541993e-04 4.705377212111676484e-04 4.089561116927655296e-04 6.746823741010438873e-04 6.727113071772425085e-04 5.516157238086741126e-04 1.519491197924610171e-04 2.657734062047738960e-02 3.297102285500345151e-04 6.909023240159638734e-04 7.712402197007448695e-04 6.935882024175968720e-04 3.647041055358284860e-04 5.338008434968309407e-04 4.334237420739411959e-04 6.178772929359611530e-04 4.796833135777730226e-04 7.310800923106019252e-04 7.178955438906877741e-04 6.062428122679180747e-04 9.348930150883635101e-04 1.034805319231610734e-03
4.120252995752597268e-04 5.715110142368356929e-04 3.054877205645084083e-04 1.919687789459490726e-04 2.535052723580275219e-04 5.192314840740515575e-04 9.970414147020521551e-04 8.759457299489751148e-04 4.762791766250163415e-04 3.243300568325552702e-04 2.657734062047738960e-02 3.611921208120564652e-04 4.415299911507104087e-04 3.638779738675623570e-04 6.890341623683837562e-04 8.581308496371319429e-04 7.577537989064965203e-04 9.422074004607707996e-04 8.040133704103282928e-04 1.055410098450902927e-03 1.017447378899994162e-03 9.305728184082190770e-04 6.051827865383289408e-04 7.050950906815762727e-04
2.133729243232388557e-04 3.728586389848148760e-04 1.068353453124875507e-04 2.203046845602179974e-04 2.818411779722964196e-04 5.475673896883205636e-04 1.084226820097171796e-03 9.380139344163670014e-04 5.383473304001539601e-04 6.893739525489316197e-04 3.650439210625034563e-04 2.657734062047738960e-02 8.033789568478106387e-05 7.289218695839387065e-04 1.054078108777014482e-03 1.223174796045762560e-03 1.122797643930618493e-03 1.139035285442287909e-03 1.169057266126704697e-03 1.076861235547925269e-03 8.620727807157177371e-04 9.740566341435505501e-04 6.486665515814062002e-04 5.497204924972998478e-04
2.937289678350580181e-04 4.532147078427611452e-04 1.871913888243066724e-04 3.006607280720371327e-04 3.621972214841155820e-04 6.279234838923938855e-04 1.164582863608990904e-03 1.018369977928186218e-03 6.187033739119730683e-04 7.697299960607507279e-04 4.453999392281954577e-04 8.035604984835091201e-05 2.657734062047738960e-02 8.092779130957578147e-04 1.134434152288833590e-03 1.193888359971184525e-03 1.203153788826946246e-03 1.109748849367709657e-03 1.249413309638523805e-03 9.965233398631441648e-04 7.817349357231909547e-04 8.937187384587695540e-04 5.683286558966250956e-04 4.693825968125187975e-04
7.799259826286289617e-04 9.394117226363320888e-04 6.733884036178776431e-04 5.598694873454454143e-04 6.214059807575238095e-04 8.871321924735479534e-04 8.595918004059502219e-04 1.007153404204561313e-03 8.441798850245126832e-04 6.922307652320516119e-04 3.679006830533691806e-04 7.290928038654257001e-04 8.094306995502066962e-04 2.657734062047738960e-02 3.251561885008214534e-04 8.888971953836350900e-04 6.371339623444985910e-04 8.047577354724146526e-04 4.401353965427659901e-04 6.915321752755948384e-04 6.535694557246861814e-04 5.666948952329109879e-04 2.413048380168937720e-04 3.412171421601411310e-04
1.057668742533327032e-03 1.217154482541030159e-03 9.511312649070843579e-04 8.376122979423978069e-04 7.760306377317414744e-04 1.041756849447765618e-03 5.344355612128744463e-04 6.819972157037398593e-04 5.190236965236912298e-04 3.670745513851030517e-04 6.967848052812647278e-04 1.057976850054939818e-03 1.138314745739720706e-03 3.288840968817683861e-04 2.657734062047738960e-02 5.637410068828136367e-04 3.119777484975499765e-04 4.796015469715931992e-04 1.149792080419445502e-04 3.663759614286462782e-04 3.531914130087321271e-04 2.415386813859624006e-04 5.701889095525349699e-04 6.701012136957823018e-04
1.015342737886122020e-03 8.558564909558759965e-04 1.121883054278605433e-03 1.008364138006173204e-03 9.467824777955167635e-04 6.804589085548655610e-04 1.389104890265386205e-04 2.864721435174040877e-04 6.897755365874666273e-04 5.378264167950055560e-04 8.675365946527858032e-04 1.228728740810969321e-03 1.199424156909353282e-03 8.942802058673548571e-04 5.653961596778408474e-04 2.657734062047738960e-02 2.525234901229446655e-04 8.407648112178915016e-05 4.501692692814047297e-04 1.972792361407073769e-04 4.143007988322373793e-04 4.022737320007968662e-04 7.309239601673694084e-04 7.312105741731604472e-04
1.124018009260546605e-03 1.107619774687266818e-03 1.017480430249795287e-03 9.039614125928545222e-04 8.423798537667067255e-04 9.322221415940021684e-04 3.906737727579294417e-04 5.382354019026678021e-04 5.853728618664022672e-04 4.334237420739411959e-04 7.631339706239757652e-04 1.124326116782159391e-03 1.204664012466940496e-03 6.417567410905372985e-04 3.128726442087689666e-04 2.517632837313908212e-04 2.657734062047738960e-02 3.358397585166481947e-04 1.976457664853964837e-04 4.490425325451617516e-04 6.660640825636282005e-04 5.544113509408585012e-04 8.830616044535582587e-04 9.829739085968056990e-04
9.312662884469919159e-04 7.717800415167457842e-04 1.037806604839475221e-03 9.242876885670429921e-04 8.627060283563865511e-04 5.963824084234811349e-04 5.483400790474948392e-05 2.023956687321467143e-04 6.056990364560820928e-04 6.219658767062259935e-04 9.516761052562605627e-04 1.144652291371839109e-03 1.115347707470223070e-03 8.102037564282246447e-04 4.813196595464563129e-04 8.413947258428404507e-05 3.366629753802923182e-04 2.657734062047738960e-02 3.660927691500202494e-04 1.132027613554500035e-04 3.302242987008528990e-04 3.181972318694123317e-04 6.468474600359848739e-04 6.471341247340302348e-04
1.172895683622017472e-03 1.136402329754140125e-03 1.066358104611266153e-03 9.528391883388339246e-04 8.912575281281774836e-04 9.610046966608753669e-04 4.194563531709299097e-04 5.670180076617953226e-04 6.342505362278730253e-04 4.823014164354119540e-04 8.120116449854465233e-04 1.173203791143630041e-03 1.253541686828411146e-03 4.441109872782044495e-04 1.152268777233725100e-04 4.487617988408691000e-04 1.969985277825418322e-04 3.646223389296486084e-04 2.657734062047738960e-02 2.513967533867017415e-04 4.684182780590410294e-04 3.567655717823984911e-04 6.854157999489710875e-04 7.853281040922184195e-04
1.044491797951557300e-03 8.850056524058198121e-04 1.151032215728549140e-03 1.037513198071608484e-03 9.759316392454605790e-04 7.096079686203008406e-04 1.680595871111645876e-04 3.156212542750936353e-04 7.189245966529017986e-04 7.351914369030458076e-04 1.064901716145334482e-03 1.082500951607401514e-03 1.002144908095582189e-03 6.970010077458381947e-04 3.681169108640698628e-04 1.973650581272309390e-04 4.498885355771120240e-04 1.132255855429468939e-04 2.528900204676337994e-04 2.657734062047738960e-02 2.170215500184664490e-04 2.049944831870259088e-04 5.336447113535985323e-04 5.339313253593895711e-04
1.078852325912173921e-03 1.099794005853518917e-03 9.723147469014224937e-04 1.085784086149152927e-03 1.128729854297384110e-03 9.243963727602541591e-04 3.828479785780543256e-04 5.304096330689197928e-04 8.717228623970794347e-04 7.197737426046184718e-04 1.024705800023658535e-03 8.654794015889350108e-04 7.851233580771157941e-04 6.568050916241621393e-04 3.526991912195154202e-04 4.121534495941206770e-04 6.646769397170653425e-04 3.280139643367730785e-04 4.676784246075871179e-04 2.147883787938261845e-04 2.657734062047738960e-02 1.119837773894514246e-04 4.158558344250294744e-04 3.169098006870502290e-04
1.190505057534943512e-03 1.090000059554464265e-03 1.083967478524192193e-03 1.078327661080207521e-03 1.016746102254059833e-03 9.146024264611996154e-04 3.730540829712541040e-04 5.206157374621195712e-04 7.597391103537551576e-04 6.077899398690398726e-04 9.375002191113286556e-04 9.771321332117046017e-04 8.967760896998854935e-04 5.695995107118323681e-04 2.407154138300640091e-04 4.023595286411932944e-04 5.526931369814868517e-04 3.182200687299728027e-04 3.556946218720085729e-04 2.049944831870259088e-04 1.116527316227696994e-04 2.657734062047738960e-02 3.286502281665725964e-04 4.285625576559470894e-04
8.618548040222437541e-04 1.021340544029946881e-03 7.553172757037467577e-04 8.008187445445780249e-04 8.623552379566564200e-04 1.128081500364934778e-03 6.984441148411441860e-04 8.460058200242639211e-04 1.085129142223645185e-03 9.331800224311842225e-04 6.088499655986290065e-04 6.484819303912592748e-04 5.681258868794400582e-04 2.409492825452597988e-04 5.661054963922083861e-04 7.277496112033376985e-04 8.780832195436312016e-04 6.436101512921171526e-04 6.810847044341529228e-04 5.303845404030431247e-04 4.122646177077923823e-04 3.253900572160172431e-04 2.657734062047738960e-02 9.991231047977914930e-05
7.619424998789964222e-04 9.214282398866995493e-04 6.554049715604994258e-04 7.688743108082298590e-04 8.304108042203082541e-04 1.096137066628586612e-03 6.952002667964721607e-04 8.427619212873376821e-04 1.086916956648165686e-03 1.032126030823036361e-03 7.077959739904810367e-04 5.485696262480118345e-04 4.682135827361927263e-04 3.398953162832390172e-04 6.650515047840604163e-04 7.245057631586656732e-04 9.770292279354833402e-04 6.403662525551909136e-04 7.800307128260049530e-04 5.271406923583712078e-04 3.123523135645449962e-04 4.243360909539964343e-04 9.894602106491563786e-05 2.657734062047738960e-02
