0.000000000000000000e+00 4.403933708090335131e-04 2.941934508271515369e-04 6.075201672501862049e-04 7.774429977871477604e-04 9.228225680999457836e-04 2.404718194156885147e-03 2.000975655391812325e-03 1.485742162913084030e-03 1.902777119539678097e-03 1.131025375798344612e-03 5.892299814149737358e-04 8.110697381198406219e-04 2.135813701897859573e-03 2.909846836701035500e-03 2.788400044664740562e-03 3.099604742601513863e-03 2.556063001975417137e-03 3.227342618629336357e-03 2.868653507903218269e-03 2.969700610265135765e-03 3.278925549238920212e-03 2.380414633080363274e-03 2.107191830873489380e-03
4.403946513775736094e-04 0.000000000000000000e+00 7.345881313085556030e-04 1.047914847731590271e-03 1.217837678268551826e-03 4.824292263947427273e-04 1.964325085282325745e-03 1.560582313686609268e-03 1.926136785186827183e-03 2.343171741813421249e-03 1.571419998072087765e-03 1.029624720104038715e-03 1.251464360393583775e-03 2.576208440586924553e-03 3.350241575390100479e-03 2.348006702959537506e-03 3.045308170840144157e-03 2.115669660270214081e-03 3.126573981717228889e-03 2.428260166198015213e-03 3.027528990060091019e-03 2.994318492710590363e-03 2.820809604600071907e-03 2.547586569562554359e-03
2.941858256235718727e-04 7.345791673287749290e-04 0.000000000000000000e+00 3.133267455268651247e-04 4.832495178561657667e-04 1.217008451931178570e-03 2.698904136195778847e-03 2.295161597430706024e-03 1.191548653878271580e-03 1.608583494089543819e-03 8.368318667635321617e-04 2.950365596916526556e-04 5.168763455003499985e-04 1.841620425693690777e-03 2.615653444081544876e-03 3.082585753872990608e-03 2.805411117151379585e-03 2.850248478353023529e-03 2.933149226009845734e-03 3.162839217111468315e-03 2.675507217645645142e-03 2.984731923788785934e-03 2.086221240460872650e-03 1.812998438253998756e-03
6.076495046727359295e-04 1.048042904585599899e-03 3.134636790491640568e-04 0.000000000000000000e+00 1.699227868812158704e-04 9.036816190928220749e-04 2.385577419772744179e-03 1.981834881007671356e-03 8.782219374552369118e-04 1.295256777666509151e-03 5.235051503404974937e-04 6.085002096369862556e-04 8.303399663418531418e-04 1.528293709270656109e-03 2.302326494827866554e-03 2.769259037449955940e-03 2.492084400728344917e-03 2.536921761929988861e-03 2.619822509586811066e-03 2.849512500688433647e-03 2.988970838487148285e-03 2.969295717775821686e-03 2.194616943597793579e-03 2.126462059095501900e-03
7.776968996040523052e-04 1.218090183101594448e-03 4.835110739804804325e-04 1.700473949313163757e-04 0.000000000000000000e+00 7.337588467635214329e-04 2.215654822066426277e-03 1.811912050470709801e-03 7.082991651259362698e-04 1.125334063544869423e-03 6.935525452718138695e-04 7.785476627759635448e-04 1.000387361273169518e-03 1.698341104201972485e-03 2.132403897121548653e-03 2.599336439743638039e-03 2.322161570191383362e-03 2.366999164223670959e-03 2.449899911880493164e-03 2.679589902982115746e-03 3.107683500275015831e-03 2.799372887238860130e-03 2.364664338529109955e-03 2.296509454026818275e-03
9.247260168194770813e-04 4.843314236495643854e-04 1.218919525854289532e-03 9.054558468051254749e-04 7.354083936661481857e-04 0.000000000000000000e+00 1.481895800679922104e-03 1.078153145499527454e-03 1.443707500584423542e-03 1.860742457211017609e-03 1.428960938937962055e-03 1.513955998234450817e-03 1.735795754939317703e-03 2.433749614283442497e-03 2.867812290787696838e-03 1.865577534772455692e-03 2.562879119068384171e-03 1.633240259252488613e-03 2.644144697114825249e-03 1.945830998010933399e-03 2.545099938288331032e-03 2.511889208108186722e-03 3.100072732195258141e-03 3.031917847692966461e-03
2.420122036710381508e-03 1.979727298021316528e-03 2.714315429329872131e-03 2.400851808488368988e-03 2.230804413557052612e-03 1.495395903475582600e-03 0.000000000000000000e+00 4.074669850524514914e-04 1.521122176200151443e-03 1.868799910880625248e-03 2.779239788651466370e-03 3.009352134540677071e-03 3.231191774830222130e-03 2.388587454333901405e-03 1.480428734794259071e-03 3.836816758848726749e-04 1.080983318388462067e-03 1.513444876763969660e-04 1.162248896434903145e-03 4.639350809156894684e-04 1.063204021193087101e-03 1.029993291012942791e-03 1.937506254762411118e-03 1.938297762535512447e-03
2.012654906138777733e-03 1.572260283865034580e-03 2.306848531588912010e-03 1.993384677916765213e-03 1.823337282985448837e-03 1.087928889319300652e-03 4.037426842842251062e-04 0.000000000000000000e+00 1.113655278459191322e-03 1.530690118670463562e-03 2.441130345687270164e-03 2.601885003969073296e-03 2.823724644258618355e-03 2.792329993098974228e-03 1.884171389974653721e-03 7.874243310652673244e-04 1.484726089984178543e-03 5.550871719606220722e-04 1.565991551615297794e-03 8.676777943037450314e-04 1.466946676373481750e-03 1.433736062608659267e-03 2.341249026358127594e-03 2.342040417715907097e-03
1.487378962337970734e-03 1.927772304043173790e-03 1.193193253129720688e-03 8.797294576652348042e-04 7.096821209415793419e-04 1.443440909497439861e-03 1.507355482317507267e-03 1.103612827137112617e-03 0.000000000000000000e+00 4.170349275227636099e-04 1.327474950812757015e-03 1.488229725509881973e-03 1.710069482214748859e-03 2.332263393327593803e-03 1.424104673787951469e-03 1.891037216410040855e-03 1.613862579688429832e-03 1.658700057305395603e-03 1.741600688546895981e-03 1.971290679648518562e-03 2.399384044110774994e-03 2.091073663905262947e-03 2.998586511239409447e-03 3.006191691383719444e-03
1.906961319036781788e-03 2.347354777157306671e-03 1.612775493413209915e-03 1.299311756156384945e-03 1.129264361225068569e-03 1.863023266196250916e-03 1.857580500654876232e-03 1.523195183835923672e-03 4.195822402834892273e-04 0.000000000000000000e+00 9.104399941861629486e-04 1.907811965793371201e-03 2.129651606082916260e-03 1.915228553116321564e-03 1.007069833576679230e-03 1.474002259783446789e-03 1.196827623061835766e-03 1.706165494397282600e-03 1.324565731920301914e-03 2.018756233155727386e-03 1.982349203899502754e-03 1.674038823693990707e-03 2.581551671028137207e-03 2.857442945241928101e-03
1.137739396654069424e-03 1.578132738359272480e-03 8.435535710304975510e-04 5.300898919813334942e-04 7.000126643106341362e-04 1.433771452866494656e-03 2.753164153546094894e-03 2.418778603896498680e-03 1.315165776759386063e-03 8.955835364758968353e-04 0.000000000000000000e+00 9.973719716072082520e-04 1.219211728312075138e-03 1.004788558930158615e-03 1.902653370052576065e-03 2.369585679844021797e-03 2.092411275953054428e-03 2.601749263703823090e-03 2.220149384811520576e-03 2.914339536800980568e-03 2.809511730447411537e-03 2.569622127339243889e-03 1.671111676841974258e-03 1.947002951055765152e-03
5.891938926652073860e-04 1.029587117955088615e-03 2.950080379378050566e-04 6.083347834646701813e-04 7.782575557939708233e-04 1.512016402557492256e-03 2.993912203237414360e-03 2.590169664472341537e-03 1.486556720919907093e-03 1.903591561131179333e-03 1.008008141070604324e-03 0.000000000000000000e+00 2.218397421529516578e-04 2.012796700000762939e-03 2.910661511123180389e-03 3.377593820914626122e-03 3.100419184193015099e-03 3.145256545394659042e-03 3.228157293051481247e-03 2.973573282361030579e-03 2.380470745265483856e-03 2.689695451408624649e-03 1.791184884496033192e-03 1.517961733043193817e-03
8.110837079584598541e-04 1.251477049663662910e-03 5.168978823348879814e-04 8.302246569655835629e-04 1.000147429294884205e-03 1.733906334266066551e-03 3.215802134945988655e-03 2.812059363350272179e-03 1.708446536213159561e-03 2.125481376424431801e-03 1.229897956363856792e-03 2.218898735009133816e-04 0.000000000000000000e+00 2.234686398878693581e-03 3.132551442831754684e-03 3.296724287793040276e-03 3.322309348732233047e-03 3.064387012273073196e-03 3.450047224760055542e-03 2.751733642071485519e-03 2.158631104975938797e-03 2.467855811119079590e-03 1.569345127791166306e-03 1.296121976338326931e-03
2.153635956346988678e-03 2.594029298052191734e-03 1.859450130723416805e-03 1.545986509881913662e-03 1.715909340418875217e-03 2.449668012559413910e-03 2.373619936406612396e-03 2.781086834147572517e-03 2.331062452867627144e-03 1.911480212584137917e-03 1.015896559692919254e-03 2.013268647715449333e-03 2.235108288004994392e-03 0.000000000000000000e+00 8.978647529147565365e-04 2.454541856423020363e-03 1.759339589625597000e-03 2.222204813733696938e-03 1.215360709466040134e-03 1.909551210701465607e-03 1.804723404347896576e-03 1.564833801239728928e-03 6.663232343271374702e-04 9.422144503332674503e-04
2.920576371252536774e-03 3.360969712957739830e-03 2.626390894874930382e-03 2.312927041202783585e-03 2.142879646271467209e-03 2.876638434827327728e-03 1.475755008868873119e-03 1.883222023025155067e-03 1.433197641745209694e-03 1.013615401461720467e-03 1.924055395647883415e-03 2.921427134424448013e-03 3.143267007544636726e-03 9.081587777473032475e-04 0.000000000000000000e+00 1.556677045300602913e-03 8.614747202955186367e-04 1.324340002611279488e-03 3.174959856551140547e-04 1.011686283163726330e-03 9.752793703228235245e-04 6.669689319096505642e-04 1.574481953866779804e-03 1.850373111665248871e-03
2.803700277581810951e-03 2.363305538892745972e-03 3.097893670201301575e-03 2.784430049359798431e-03 2.614382421597838402e-03 1.878974144347012043e-03 3.835782408714294434e-04 7.910451968200504780e-04 1.904700533486902714e-03 1.485118293203413486e-03 2.395558170974254608e-03 3.392930142581462860e-03 3.312010550871491432e-03 2.469406230375170708e-03 1.561247510835528374e-03 0.000000000000000000e+00 6.973016425035893917e-04 2.321632346138358116e-04 1.243067672476172447e-03 5.447537987492978573e-04 1.144022797234356403e-03 1.110812067054212093e-03 2.018325030803680420e-03 2.019116422161459923e-03
3.103788942098617554e-03 3.058508038520812988e-03 2.809603000059723854e-03 2.496139146387577057e-03 2.326091984286904335e-03 2.574176527559757233e-03 1.078780740499496460e-03 1.486247638240456581e-03 1.616409863345324993e-03 1.196827623061835766e-03 2.107267733663320541e-03 3.104639705270528793e-03 3.326479578390717506e-03 1.772104529663920403e-03 8.639458101242780685e-04 6.952024414204061031e-04 0.000000000000000000e+00 9.273656760342419147e-04 5.457659135572612286e-04 1.239956356585025787e-03 1.839225296862423420e-03 1.530914800241589546e-03 2.438427880406379700e-03 2.714319154620170593e-03
2.571537159383296967e-03 2.131142420694231987e-03 2.865730552002787590e-03 2.552266931161284447e-03 2.382219303399324417e-03 1.646810909733176231e-03 1.514150062575936317e-04 5.588820204138755798e-04 1.672537182457745075e-03 1.717455452308058739e-03 2.627895446494221687e-03 3.160767024382948875e-03 3.079847432672977448e-03 2.237243112176656723e-03 1.329084276221692562e-03 2.323371736565604806e-04 9.296388598158955574e-04 0.000000000000000000e+00 1.010904321447014809e-03 3.125906223431229591e-04 9.118595044128596783e-04 8.786487742327153683e-04 1.786161796189844608e-03 1.786953303962945938e-03
3.238756442442536354e-03 3.137986175715923309e-03 2.944570733234286308e-03 2.631107112392783165e-03 2.461059484630823135e-03 2.653654664754867554e-03 1.158258994109928608e-03 1.565726008266210556e-03 1.751377480104565620e-03 1.331795239821076393e-03 2.242235234007239342e-03 3.239607205614447594e-03 3.461447078734636307e-03 1.226338674314320087e-03 3.181798674631863832e-04 1.239181146956980228e-03 5.439787055365741253e-04 1.006843987852334976e-03 0.000000000000000000e+00 6.941903266124427319e-04 1.293459208682179451e-03 9.851488284766674042e-04 1.892661792226135731e-03 2.168552950024604797e-03
2.884190529584884644e-03 2.443796023726463318e-03 3.178384155035018921e-03 2.864920301362872124e-03 2.694873139262199402e-03 1.959464512765407562e-03 4.640686092898249626e-04 8.715356234461069107e-04 1.985190901905298233e-03 2.030109055340290070e-03 2.940549049526453018e-03 2.989146392792463303e-03 2.767256693914532661e-03 1.924652489833533764e-03 1.016493653878569603e-03 5.449908203445374966e-04 1.242292462848126888e-03 3.126536321360617876e-04 6.983137573115527630e-04 0.000000000000000000e+00 5.992689402773976326e-04 5.660582100972533226e-04 1.473571173846721649e-03 1.474362565204501152e-03
2.979071345180273056e-03 3.036898327991366386e-03 2.684885635972023010e-03 2.998212352395057678e-03 3.116799984127283096e-03 2.552567049860954285e-03 1.057171029970049858e-03 1.464638044126331806e-03 2.407117746770381927e-03 1.987535506486892700e-03 2.829554723575711250e-03 2.389877568930387497e-03 2.167987637221813202e-03 1.813658047467470169e-03 9.739202214404940605e-04 1.138093299232423306e-03 1.835394883528351784e-03 9.057560237124562263e-04 1.291416236199438572e-03 5.931024206802248955e-04 0.000000000000000000e+00 3.092245897278189659e-04 1.148316776379942894e-03 8.750937413424253464e-04
3.287381958216428757e-03 3.009854117408394814e-03 2.993196016177535057e-03 2.977622672915458679e-03 2.807575277984142303e-03 2.525522606447339058e-03 1.030126819387078285e-03 1.437593833543360233e-03 2.097893273457884789e-03 1.678310916759073734e-03 2.588751027360558510e-03 2.698187949135899544e-03 2.476298250257968903e-03 1.572854351252317429e-03 6.646956317126750946e-04 1.111048972234129906e-03 1.526170293800532818e-03 8.787118131294846535e-04 9.821915300562977791e-04 5.660582100972533226e-04 3.083104675170034170e-04 0.000000000000000000e+00 9.075129637494683266e-04 1.183404237963259220e-03
2.379868878051638603e-03 2.820262219756841660e-03 2.085683168843388557e-03 2.211327897384762764e-03 2.381250727921724319e-03 3.115009516477584839e-03 1.928637386299669743e-03 2.336104400455951691e-03 2.996403723955154419e-03 2.576821483671665192e-03 1.681237947195768356e-03 1.790675101801753044e-03 1.568785170093178749e-03 6.653413875028491020e-04 1.563206198625266552e-03 2.009559655562043190e-03 2.424680860713124275e-03 1.777222496457397938e-03 1.880702213384211063e-03 1.464568777009844780e-03 1.138400170020759106e-03 8.985105669125914574e-04 0.000000000000000000e+00 2.758912451099604368e-04
2.103977603837847710e-03 2.544370945543050766e-03 1.809791894629597664e-03 2.123118611052632332e-03 2.293041441589593887e-03 3.026800230145454407e-03 1.919680042192339897e-03 2.327146939933300018e-03 3.001340432092547417e-03 2.850044518709182739e-03 1.954460982233285904e-03 1.514783827587962151e-03 1.292894012294709682e-03 9.385644225403666496e-04 1.836429233662784100e-03 2.000602195039391518e-03 2.697903895750641823e-03 1.768265035934746265e-03 2.153925132006406784e-03 1.455611432902514935e-03 8.625090122222900391e-04 1.171733601950109005e-03 2.732230059336870909e-04 0.000000000000000000e+00
