0.000000000000000000e+00 1.272281110286712646e-01 8.499146252870559692e-02 1.755104660987854004e-01 2.246005684137344360e-01 2.666002213954925537e-01 6.947147250175476074e-01 5.780749320983886719e-01 4.292257428169250488e-01 5.497056841850280762e-01 3.267492949962615967e-01 1.702264845371246338e-01 2.343152165412902832e-01 6.170291900634765625e-01 8.406445980072021484e-01 8.055590391159057617e-01 8.954650163650512695e-01 7.384377121925354004e-01 9.323680400848388672e-01 8.287439942359924316e-01 8.579362034797668457e-01 9.472701549530029297e-01 6.876935362815856934e-01 6.087604165077209473e-01
1.272284835577011108e-01 0.000000000000000000e+00 2.122199535369873047e-01 3.027389645576477051e-01 3.518290519714355469e-01 1.393721252679824829e-01 5.674867033958435059e-01 4.508468210697174072e-01 5.564541816711425781e-01 6.769341230392456055e-01 4.539777636528015137e-01 2.974549829959869385e-01 3.615436851978302002e-01 7.442576289176940918e-01 9.678731560707092285e-01 6.783309578895568848e-01 8.797789812088012695e-01 6.112095713615417480e-01 9.032563567161560059e-01 7.015159130096435547e-01 8.746426105499267578e-01 8.650481700897216797e-01 8.149220347404479980e-01 7.359888553619384766e-01
8.498925715684890747e-02 2.122173756361007690e-01 0.000000000000000000e+00 9.051901102066040039e-02 1.396090984344482422e-01 3.515895009040832520e-01 7.797040343284606934e-01 6.630641818046569824e-01 3.442342579364776611e-01 4.647141993045806885e-01 2.417578250169754028e-01 8.523503690958023071e-02 1.493237763643264771e-01 5.320377349853515625e-01 7.556532025337219238e-01 8.905483484268188477e-01 8.104735016822814941e-01 8.234269022941589355e-01 8.473766446113586426e-01 9.137332439422607422e-01 7.729447484016418457e-01 8.622786402702331543e-01 6.027020812034606934e-01 5.237689018249511719e-01
1.755478233098983765e-01 3.027759492397308350e-01 9.055856615304946899e-02 0.000000000000000000e+00 4.909009858965873718e-02 2.610704898834228516e-01 6.891850233078002930e-01 5.725451707839965820e-01 2.537152469158172607e-01 3.741951882839202881e-01 1.512388139963150024e-01 1.757936030626296997e-01 2.398823350667953491e-01 4.415187239646911621e-01 6.651341319084167480e-01 8.000293374061584473e-01 7.199544906616210938e-01 7.329078912734985352e-01 7.568576335906982422e-01 8.232142925262451172e-01 8.635032773017883301e-01 8.578191399574279785e-01 6.340171694755554199e-01 6.143274903297424316e-01
2.246739268302917480e-01 3.519020080566406250e-01 1.396846622228622437e-01 4.912609979510307312e-02 0.000000000000000000e+00 2.119803726673126221e-01 6.400949358940124512e-01 5.234550833702087402e-01 2.046251744031906128e-01 3.251051008701324463e-01 2.003649175167083740e-01 2.249197065830230713e-01 2.890084385871887207e-01 4.906448423862457275e-01 6.160440444946289062e-01 7.509392499923706055e-01 6.708644032478332520e-01 6.838178038597106934e-01 7.077675461769104004e-01 7.741242051124572754e-01 8.977988958358764648e-01 8.087291121482849121e-01 6.831433176994323730e-01 6.634535789489746094e-01
2.671501338481903076e-01 1.399216651916503906e-01 3.521416187286376953e-01 2.615830600261688232e-01 2.124569267034530640e-01 0.000000000000000000e+00 4.281145334243774414e-01 3.114747107028961182e-01 4.170820713043212891e-01 5.375620126724243164e-01 4.128218591213226318e-01 4.373766183853149414e-01 5.014653801918029785e-01 7.031017541885375977e-01 8.285009860992431641e-01 5.389588475227355957e-01 7.404068708419799805e-01 4.718374311923980713e-01 7.638841867446899414e-01 5.621438026428222656e-01 7.352705001831054688e-01 7.256760597229003906e-01 8.956002593040466309e-01 8.759105205535888672e-01
6.991648674011230469e-01 5.719363093376159668e-01 7.841562628746032715e-01 6.935977339744567871e-01 6.444715857505798340e-01 4.320146739482879639e-01 0.000000000000000000e+00 1.177157908678054810e-01 4.394468963146209717e-01 5.398897528648376465e-01 8.029127120971679688e-01 8.693913221359252930e-01 9.334800839424133301e-01 6.900545954704284668e-01 4.276907145977020264e-01 1.108442991971969604e-01 3.122923076152801514e-01 4.372289404273033142e-02 3.357696533203125000e-01 1.340292245149612427e-01 3.071559369564056396e-01 2.975614964962005615e-01 5.597388148307800293e-01 5.599675178527832031e-01
5.814490318298339844e-01 4.542205333709716797e-01 6.664404869079589844e-01 5.758818984031677246e-01 5.267558097839355469e-01 3.142988681793212891e-01 1.166398599743843079e-01 0.000000000000000000e+00 3.217311203479766846e-01 4.422110617160797119e-01 7.052340507507324219e-01 7.516754865646362305e-01 8.157642483711242676e-01 8.066944479942321777e-01 5.443305969238281250e-01 2.274841517210006714e-01 4.289321899414062500e-01 1.603627502918243408e-01 4.524095058441162109e-01 2.506690919399261475e-01 4.237957894802093506e-01 4.142013490200042725e-01 6.763786673545837402e-01 6.766073703765869141e-01
4.296985864639282227e-01 5.569267272949218750e-01 3.447093665599822998e-01 2.541507780551910400e-01 2.050246894359588623e-01 4.170050323009490967e-01 4.354697465896606445e-01 3.188298940658569336e-01 0.000000000000000000e+00 1.204799339175224304e-01 3.835028707981109619e-01 4.299443662166595459e-01 4.940330982208251953e-01 6.737828254699707031e-01 4.114188849925994873e-01 5.463140606880187988e-01 4.662392735481262207e-01 4.791926741600036621e-01 5.031423568725585938e-01 5.694990158081054688e-01 6.931737065315246582e-01 6.041039228439331055e-01 8.662812113761901855e-01 8.684782981872558594e-01
5.509144663810729980e-01 6.781426072120666504e-01 4.659252166748046875e-01 3.753666281700134277e-01 3.262405395507812500e-01 5.382209420204162598e-01 5.366485118865966797e-01 4.400457739830017090e-01 1.212158501148223877e-01 0.000000000000000000e+00 2.630229592323303223e-01 5.511602163314819336e-01 6.152489781379699707e-01 5.533028841018676758e-01 2.909389436244964600e-01 4.258341491222381592e-01 3.457593321800231934e-01 4.929052591323852539e-01 3.826624453067779541e-01 5.832116603851318359e-01 5.726937651634216309e-01 4.836239814758300781e-01 7.458012700080871582e-01 8.255053162574768066e-01
3.286889493465423584e-01 4.559170305728912354e-01 2.436996847391128540e-01 1.531411260366439819e-01 2.022312283515930176e-01 4.142115712165832520e-01 7.953795194625854492e-01 6.987767219543457031e-01 3.799468278884887695e-01 2.587309777736663818e-01 0.000000000000000000e+00 2.881373167037963867e-01 3.522260189056396484e-01 2.902799248695373535e-01 5.496699213981628418e-01 6.845650672912597656e-01 6.044902801513671875e-01 7.516362667083740234e-01 6.413934230804443359e-01 8.419425487518310547e-01 8.116582036018371582e-01 7.423549294471740723e-01 4.827783405780792236e-01 5.624823570251464844e-01
1.702160537242889404e-01 2.974441349506378174e-01 8.522679656744003296e-02 1.757458001375198364e-01 2.248359024524688721e-01 4.368162453174591064e-01 8.649308085441589355e-01 7.482909560203552246e-01 4.294610619544982910e-01 5.499410033226013184e-01 2.912100255489349365e-01 0.000000000000000000e+00 6.408873200416564941e-02 5.814899206161499023e-01 8.408799767494201660e-01 9.757751226425170898e-01 8.957002758979797363e-01 9.086536765098571777e-01 9.326034188270568848e-01 8.590549826622009277e-01 6.877096891403198242e-01 7.770437002182006836e-01 5.174670815467834473e-01 4.385338723659515381e-01
2.343192696571350098e-01 3.615473806858062744e-01 1.493300050497055054e-01 2.398490011692047119e-01 2.889391183853149414e-01 5.009195208549499512e-01 9.290339946746826172e-01 8.123942017555236816e-01 4.935642480850219727e-01 6.140441894531250000e-01 3.553132116794586182e-01 6.410321593284606934e-02 0.000000000000000000e+00 6.455931663513183594e-01 9.049831628799438477e-01 9.524121880531311035e-01 9.598035812377929688e-01 8.852907419204711914e-01 9.967066049575805664e-01 7.949662804603576660e-01 6.236209869384765625e-01 7.129549384117126465e-01 4.533783495426177979e-01 3.744451403617858887e-01
6.221779584884643555e-01 7.494060397148132324e-01 5.371887087821960449e-01 4.466301202774047852e-01 4.957202374935150146e-01 7.077006101608276367e-01 6.857305169105529785e-01 8.034462928771972656e-01 6.734358072280883789e-01 5.522199869155883789e-01 2.934889793395996094e-01 5.816262960433959961e-01 6.457149982452392578e-01 0.000000000000000000e+00 2.593899965286254883e-01 7.091085910797119141e-01 5.082670450210571289e-01 6.419872045516967773e-01 3.511134982109069824e-01 5.516626834869384766e-01 5.213783383369445801e-01 4.520750343799591064e-01 1.924984604120254517e-01 2.722024619579315186e-01
8.437443971633911133e-01 9.709724783897399902e-01 7.587552070617675781e-01 6.681966185569763184e-01 6.190704703330993652e-01 8.310508131980895996e-01 4.263404905796051025e-01 5.440562963485717773e-01 4.140458106994628906e-01 2.928299605846405029e-01 5.558528900146484375e-01 8.439901471138000488e-01 9.080789089202880859e-01 2.623639106750488281e-01 0.000000000000000000e+00 4.497185945510864258e-01 2.488770484924316406e-01 3.825972080230712891e-01 9.172347933053970337e-02 2.922726571559906006e-01 2.817548215389251709e-01 1.926850080490112305e-01 4.548623561859130859e-01 5.345663428306579590e-01
8.099792599678039551e-01 6.827507019042968750e-01 8.949706554412841797e-01 8.044121265411376953e-01 7.552859783172607422e-01 5.428290963172912598e-01 1.108144149184226990e-01 2.285302132368087769e-01 5.502613186836242676e-01 4.290454983711242676e-01 6.920683979988098145e-01 9.802057147026062012e-01 9.568282961845397949e-01 7.134028673171997070e-01 4.510389864444732666e-01 0.000000000000000000e+00 2.014480233192443848e-01 6.707114726305007935e-02 3.591178953647613525e-01 1.573774814605712891e-01 3.305042088031768799e-01 3.209097385406494141e-01 5.830870866775512695e-01 5.833157300949096680e-01
8.966737985610961914e-01 8.835923075675964355e-01 8.116845488548278809e-01 7.211259007453918457e-01 6.719998717308044434e-01 7.436706423759460449e-01 3.116559982299804688e-01 4.293717741966247559e-01 4.669751822948455811e-01 3.457593321800231934e-01 6.087822914123535156e-01 8.969196081161499023e-01 9.610083103179931641e-01 5.119548439979553223e-01 2.495909333229064941e-01 2.008415758609771729e-01 0.000000000000000000e+00 2.679127156734466553e-01 1.576698720455169678e-01 3.582190573215484619e-01 5.313457846641540527e-01 4.422759711742401123e-01 7.044533491134643555e-01 7.841573357582092285e-01
7.429081201553344727e-01 6.156796216964721680e-01 8.278995752334594727e-01 7.373409867286682129e-01 6.882148981094360352e-01 4.757579267024993896e-01 4.374326765537261963e-02 1.614590585231781006e-01 4.831901788711547852e-01 4.961668848991394043e-01 7.591898441314697266e-01 9.131345748901367188e-01 8.897571563720703125e-01 6.463317275047302246e-01 3.839678168296813965e-01 6.712140142917633057e-02 2.685694396495819092e-01 0.000000000000000000e+00 2.920467555522918701e-01 9.030634164810180664e-02 2.634330391883850098e-01 2.538385689258575439e-01 5.160158872604370117e-01 5.162445902824401855e-01
9.356654882431030273e-01 9.065532684326171875e-01 8.506762385368347168e-01 7.601176500320434570e-01 7.109915614128112793e-01 7.666316032409667969e-01 3.346169888973236084e-01 4.523327946662902832e-01 5.059668421745300293e-01 3.847509920597076416e-01 6.477739214897155762e-01 9.359112977981567383e-01 1.000000000000000000e+00 3.542849719524383545e-01 9.192106127738952637e-02 3.579951226711273193e-01 1.571535468101501465e-01 2.908737361431121826e-01 0.000000000000000000e+00 2.005491703748703003e-01 3.736758828163146973e-01 2.846060693264007568e-01 5.467833876609802246e-01 6.264874339103698730e-01
8.332325816154479980e-01 7.060041427612304688e-01 9.182240962982177734e-01 8.276655077934265137e-01 7.785394191741943359e-01 5.660824775695800781e-01 1.340678036212921143e-01 2.517836093902587891e-01 5.735146999359130859e-01 5.864914059638977051e-01 8.495144248008728027e-01 8.635540008544921875e-01 7.994508147239685059e-01 5.560253858566284180e-01 2.936614751815795898e-01 1.574459522962570190e-01 3.588939607143402100e-01 9.032455086708068848e-02 2.017404139041900635e-01 0.000000000000000000e+00 1.731267124414443970e-01 1.635322421789169312e-01 4.257095754146575928e-01 4.259382188320159912e-01
8.606433868408203125e-01 8.773493766784667969e-01 7.756540775299072266e-01 8.661730885505676270e-01 9.004326462745666504e-01 7.374277114868164062e-01 3.054130375385284424e-01 4.231288433074951172e-01 6.954079270362854004e-01 5.741921067237854004e-01 8.174484968185424805e-01 6.904273033142089844e-01 6.263241171836853027e-01 5.239595174789428711e-01 2.813621461391448975e-01 3.287911713123321533e-01 5.302392244338989258e-01 2.616697549819946289e-01 3.730856478214263916e-01 1.713452190160751343e-01 0.000000000000000000e+00 8.933390676975250244e-02 3.317447304725646973e-01 2.528115510940551758e-01
9.497131705284118652e-01 8.695363402366638184e-01 8.647239208221435547e-01 8.602247834205627441e-01 8.110987544059753418e-01 7.296146750450134277e-01 2.976000607013702393e-01 4.153158664703369141e-01 6.060740947723388672e-01 4.848581850528717041e-01 7.478811740875244141e-01 7.794971466064453125e-01 7.153939008712768555e-01 4.543921649456024170e-01 1.920282542705535889e-01 3.209781646728515625e-01 4.409052729606628418e-01 2.538567781448364258e-01 2.837517261505126953e-01 1.635322421789169312e-01 8.906982094049453735e-02 0.000000000000000000e+00 2.621773481369018555e-01 3.418813645839691162e-01
6.875358223915100098e-01 8.147639036178588867e-01 6.025465726852416992e-01 6.388449072837829590e-01 6.879350543022155762e-01 8.999153971672058105e-01 5.571765899658203125e-01 6.748924255371093750e-01 8.656505942344665527e-01 7.444347739219665527e-01 4.857037961483001709e-01 5.173197984695434570e-01 4.532165825366973877e-01 1.922148168087005615e-01 4.516048431396484375e-01 5.805547833442687988e-01 7.004818916320800781e-01 5.134333968162536621e-01 5.433283448219299316e-01 4.231088161468505859e-01 3.288798630237579346e-01 2.595765888690948486e-01 0.000000000000000000e+00 7.970401644706726074e-02
6.078317761421203613e-01 7.350599169731140137e-01 5.228425860404968262e-01 6.133615970611572266e-01 6.624516844749450684e-01 8.744320869445800781e-01 5.545888543128967285e-01 6.723046898841857910e-01 8.670768141746520996e-01 8.233679533004760742e-01 5.646369457244873047e-01 4.376157820224761963e-01 3.735125660896301270e-01 2.711479961872100830e-01 5.305380225181579590e-01 5.779670476913452148e-01 7.794150114059448242e-01 5.108456015586853027e-01 6.222614645957946777e-01 4.205210804939270020e-01 2.491758465766906738e-01 3.385097682476043701e-01 7.893317192792892456e-02 0.000000000000000000e+00
