2.440377149195784717e-02
1.109262340543538602e-02
7.764836383804769870e-03
3.216860787576261704e-02
1.691625069328896169e-02
2.107598447032723102e-02
3.355518580144203900e-02
4.631170271769273483e-02
4.492512479201331288e-02
1.253466444814198555e-01
6.184137548530227457e-02
3.854686633388796496e-02
4.048807542983915569e-02
3.910149750415973374e-02
5.934553521907931506e-02
7.237936772046589529e-02
6.489184692179700287e-02
1.331114808652246288e-02
3.549639489739323667e-02
5.130338325013866080e-02
3.050471436494731070e-02
6.766500277315584677e-02
4.021075984470327130e-02
2.135330005546311541e-02
