9.433957303504941772e-02
5.904563119810332661e-02
8.153478730619423409e-02
5.077265081263984681e-02
4.175224647810670681e-02
1.888534207433215095e-02
5.978594636278542623e-02
2.184804340753554106e-02
3.694975948233440721e-02
3.618406427199338110e-02
2.362538625116518756e-02
6.915487574181281016e-02
5.930026252348875176e-02
1.904359747184796239e-02
4.095090647110896653e-02
3.330392943238515147e-02
1.919481856877890136e-02
8.481234631974991778e-02
3.111419140569457800e-02
3.687358692749115319e-02
1.935785426123373329e-02
2.382689632483355607e-02
1.913859848153099882e-02
1.920470538980379935e-02
