6.330823540383746784e-02
3.962361286147554618e-02
8.207303693961955082e-02
5.110782505655251523e-02
4.202787277338517619e-02
1.901001313541491461e-02
4.012041441792643659e-02
2.932303021222370729e-02
3.719368229311984658e-02
6.070488727853033672e-02
3.170846477627516091e-02
6.961139973295070449e-02
3.979448770614653352e-02
1.916931325154121180e-02
5.496165699012249550e-02
4.469837919649911201e-02
1.932153263034272483e-02
8.537223266795503085e-02
3.131959087592987162e-02
4.948934251636241677e-02
1.948564459839228699e-02
3.197891855870434175e-02
1.926494140775060829e-02
1.933148471894197140e-02
