1.437294099294619820e-02
1.194892808049198042e-02
3.660350359173264456e-02
4.254421146558084316e-02
4.855225626408951611e-02
3.109740915389405669e-02
3.178605417240858849e-02
4.539395404461491618e-02
5.068068124958836213e-02
9.310996296973479691e-02
4.688409674588165515e-02
3.505713146746927689e-02
2.666353384277454081e-02
3.105143997051935598e-02
7.938136082279508010e-02
5.293173166531670720e-02
3.388417800748534658e-02
5.704722800112217718e-02
4.301141147834211531e-02
4.661007704200730017e-02
2.867917794991528893e-02
4.974422360811613097e-02
2.953965666052491348e-02
3.342485075264824135e-02
