2.440377149195784717e-02
1.109262340543538602e-02
7.764836383804769870e-03
3.244592346089850143e-02
1.691625069328896169e-02
2.107598447032723102e-02
3.355518580144203900e-02
4.631170271769273483e-02
4.520244037714919727e-02
1.250693288962839711e-01
6.211869107043815896e-02
3.882418191902384935e-02
4.021075984470327130e-02
3.910149750415973374e-02
5.906821963394343067e-02
7.237936772046589529e-02
6.489184692179700287e-02
1.303383250138657849e-02
3.549639489739323667e-02
5.102606766500277641e-02
3.050471436494731070e-02
6.766500277315584677e-02
4.021075984470327130e-02
2.163061564059900327e-02
