8.378528873436152935e-04
1.186806708574295044e-03
1.025136909447610378e-03
1.124481321312487125e-03
1.129239797592163086e-03
1.172041404061019421e-03
1.033477950841188431e-03
1.002802397124469280e-03
9.684762917459011078e-04
6.260153604671359062e-04
1.346010831184685230e-03
1.033646985888481140e-03
9.513819240964949131e-04
1.198026584461331367e-03
1.131318509578704834e-03
1.092412625439465046e-03
9.804335422813892365e-04
1.194803626276552677e-03
1.273697125725448132e-03
8.826787816360592842e-04
8.603411843068897724e-04
9.050024673342704773e-04
8.969155023805797100e-04
9.862021543085575104e-04
1.022997312247753143e-03
1.001280033960938454e-03
1.016660942696034908e-03
8.243428310379385948e-04
8.309071417897939682e-04
8.979732519946992397e-04
6.656786426901817322e-04
1.011301181279122829e-03
1.142952474765479565e-03
1.306213904172182083e-03
1.162180211395025253e-03
1.184441382065415382e-03
1.002010540105402470e-03
9.868734050542116165e-04
1.008134684525430202e-03
1.150938565842807293e-03
9.941061725839972496e-04
1.253148890100419521e-03
1.123317866586148739e-03
1.183964894153177738e-03
8.178879506886005402e-04
1.098593464121222496e-03
9.513573022559285164e-04
1.125012058764696121e-03
1.230412046425044537e-03
1.112398109398782253e-03
9.117390727624297142e-04
1.052379840984940529e-03
8.788670529611408710e-04
8.713242132216691971e-04
1.007434097118675709e-03
1.171135110780596733e-03
1.323770266026258469e-03
1.208308385685086250e-03
7.826174842193722725e-04
9.443578892387449741e-04
9.131110855378210545e-04
1.179688842967152596e-03
1.107033109292387962e-03
1.236613607034087181e-03
1.063924515619874001e-03
9.066115599125623703e-04
9.631467401050031185e-04
8.951183408498764038e-04
9.926904458552598953e-04
1.094070845283567905e-03
9.746025316417217255e-04
1.257742056623101234e-03
7.469872361980378628e-04
9.832603391259908676e-04
9.288102155551314354e-04
1.010858453810214996e-03
1.009219908155500889e-03
1.127240131609141827e-03
1.014484325423836708e-03
1.014937064610421658e-03
1.056098379194736481e-03
8.497136295773088932e-04
8.947780006565153599e-04
8.827454294078052044e-04
8.265298092737793922e-04
8.540494018234312534e-04
7.989399600774049759e-04
8.815297042019665241e-04
8.840588852763175964e-04
1.117384294047951698e-03
7.750658551231026649e-04
1.063978066667914391e-03
1.049513230100274086e-03
1.081759575754404068e-03
1.035771914757788181e-03
1.142143155448138714e-03
6.786549929529428482e-04
1.011120504699647427e-03
1.058214344084262848e-03
1.101420610211789608e-03
9.490781230852007866e-04
1.175772631540894508e-03
1.154188183136284351e-03
1.063766307197511196e-03
1.165942056104540825e-03
1.031087711453437805e-03
1.083736424334347248e-03
9.249686263501644135e-04
8.169671054929494858e-04
1.264817314222455025e-03
9.715116466395556927e-04
9.575294679962098598e-04
9.908435167744755745e-04
1.005563884973526001e-03
9.767368901520967484e-04
1.013268018141388893e-03
9.082161705009639263e-04
8.835832122713327408e-04
1.160396495833992958e-03
1.050411956384778023e-03
9.676450281403958797e-04
1.307909842580556870e-03
1.254326896741986275e-03
1.246877131052315235e-03
8.495916263200342655e-04
9.085917263291776180e-04
8.896951912902295589e-04
8.002758258953690529e-04
1.261104713194072247e-03
6.527136429212987423e-04
1.186220208182930946e-03
7.944548269733786583e-04
8.760879863984882832e-04
1.060601556673645973e-03
1.141244079917669296e-03
8.089301991276443005e-04
8.547881152480840683e-04
9.543203632347285748e-04
1.119154505431652069e-03
8.267717785201966763e-04
1.201376318931579590e-03
8.239200105890631676e-04
1.025366829708218575e-03
9.892813395708799362e-04
1.119793858379125595e-03
9.425981552340090275e-04
8.782299119047820568e-04
8.499472751282155514e-04
9.297646465711295605e-04
1.061675371602177620e-03
9.980479953810572624e-04
1.186800771392881870e-03
9.094551787711679935e-04
8.622505702078342438e-04
1.350421807728707790e-03
1.058727269992232323e-03
1.116519444622099400e-03
1.044424832798540592e-03
1.081170281395316124e-03
9.850363712757825851e-04
8.606104529462754726e-04
9.526702342554926872e-04
9.037362760864198208e-04
8.176069823093712330e-04
8.647970971651375294e-04
8.686282089911401272e-04
8.661723695695400238e-04
9.448492201045155525e-04
1.053867046721279621e-03
1.037562265992164612e-03
7.399993482977151871e-04
8.869138546288013458e-04
1.362728187814354897e-03
9.903982281684875488e-04
1.133534940890967846e-03
1.103059155866503716e-03
1.188583089970052242e-03
7.945928373374044895e-04
9.712272440083324909e-04
1.138550695031881332e-03
1.204407657496631145e-03
7.839727913960814476e-04
6.906065391376614571e-04
1.125697512179613113e-03
9.275568882003426552e-04
8.616957929916679859e-04
9.806606685742735863e-04
1.141802757047116756e-03
7.330831722356379032e-04
1.174921519123017788e-03
1.148296054452657700e-03
1.013999688439071178e-03
9.555302676744759083e-04
1.142894849181175232e-03
1.137890969403088093e-03
9.159152396023273468e-04
9.335981449112296104e-04
8.478630334138870239e-04
1.176701392978429794e-03
1.173671567812561989e-03
1.284254714846611023e-03
1.255207578651607037e-03
9.705611737444996834e-04
1.071109785698354244e-03
1.112572732381522655e-03
8.476839284412562847e-04
9.117962908931076527e-04
1.130018150433897972e-03
9.321006364189088345e-04
1.249215099960565567e-03
1.121910871006548405e-03
1.235902425833046436e-03
1.076114247553050518e-03
9.538994054310023785e-04
9.479906293563544750e-04
9.120171889662742615e-04
1.262719975784420967e-03
9.965200442820787430e-04
1.062249182723462582e-03
1.085353433154523373e-03
7.765785558149218559e-04
9.150136029347777367e-04
1.052976120263338089e-03
7.163962000049650669e-04
9.174208971671760082e-04
1.082322909496724606e-03
1.055589993484318256e-03
1.030779094435274601e-03
8.975593373179435730e-04
1.073955674655735493e-03
1.007215119898319244e-03
1.111971912905573845e-03
8.354836609214544296e-04
9.297243668697774410e-04
8.850764716044068336e-04
9.952530963346362114e-04
8.720201440155506134e-04
1.092736725695431232e-03
8.861248497851192951e-04
1.041144598275423050e-03
8.463073172606527805e-04
9.874005336314439774e-04
8.637805003672838211e-04
9.825036395341157913e-04
9.183980291709303856e-04
1.022414304316043854e-03
1.234038849361240864e-03
9.590869885869324207e-04
8.302550995722413063e-04
8.020444074645638466e-04
1.215898431837558746e-03
1.149129238910973072e-03
8.570965728722512722e-04
9.185051312670111656e-04
1.066304161213338375e-03
9.856737451627850533e-04
9.617251926101744175e-04
9.232390439137816429e-04
8.872724138200283051e-04
8.765956154093146324e-04
6.952843978069722652e-04
9.837595280259847641e-04
1.249861437827348709e-03
9.327656007371842861e-04
9.548059315420687199e-04
9.554767748340964317e-04
8.808095590211451054e-04
9.093472035601735115e-04
8.492746856063604355e-04
9.187064715661108494e-04
8.723601349629461765e-04
1.051097176969051361e-03
8.699462632648646832e-04
7.821833132766187191e-04
8.972426294349133968e-04
1.480869133956730366e-03
9.859134443104267120e-04
1.191458315588533878e-03
9.068137151189148426e-04
1.198824960738420486e-03
1.045250333845615387e-03
9.811263298615813255e-04
1.115868915803730488e-03
1.146480091847479343e-03
1.090043573640286922e-03
1.189602888189256191e-03
1.156724872998893261e-03
9.438036940991878510e-04
9.559440077282488346e-04
8.530922350473701954e-04
1.078277709893882275e-03
8.495784131810069084e-04
8.979301783256232738e-04
8.471883484162390232e-04
9.980519535019993782e-04
9.893962414935231209e-04
1.026995596475899220e-03
8.894798229448497295e-04
1.065623247995972633e-03
9.277067147195339203e-04
9.769271127879619598e-04
1.079576555639505386e-03
1.023360993713140488e-03
8.315923623740673065e-04
1.094912877306342125e-03
1.100978464819490910e-03
1.037155976518988609e-03
9.133886196650564671e-04
1.056697452440857887e-03
8.586582262068986893e-04
9.236335754394531250e-04
1.198326935991644859e-03
1.026068814098834991e-03
1.224744366481900215e-03
9.080900344997644424e-04
1.052371808327734470e-03
1.174363424070179462e-03
7.399052265100181103e-04
1.332313986495137215e-03
1.059296890161931515e-03
1.006184727884829044e-03
7.137430948205292225e-04
1.239188713952898979e-03
8.093778160400688648e-04
1.085741794668138027e-03
1.115002785809338093e-03
8.519856492057442665e-04
1.347390934824943542e-03
9.515336132608354092e-04
1.089066499844193459e-03
1.057877088896930218e-03
1.003421959467232227e-03
9.549537207931280136e-04
1.001472817733883858e-03
1.186742098070681095e-03
9.037341806106269360e-04
1.046698191203176975e-03
1.149887917563319206e-03
1.105458359234035015e-03
9.819123661145567894e-04
1.083742477931082249e-03
8.324416703544557095e-04
1.114728511311113834e-03
1.030408777296543121e-03
9.118808666244149208e-04
1.068965648300945759e-03
1.043329364620149136e-03
1.204534433782100677e-03
9.049002546817064285e-04
8.205053163692355156e-04
1.070248777978122234e-03
9.344349382445216179e-04
1.110728830099105835e-03
7.710725767537951469e-04
8.828037534840404987e-04
1.147806877270340919e-03
9.527438087388873100e-04
8.489764877595007420e-04
1.104986877180635929e-03
8.298923494294285774e-04
8.890666067600250244e-04
1.335349516011774540e-03
9.081598836928606033e-04
1.223715255036950111e-03
1.136792823672294617e-03
1.084062852896749973e-03
9.496456477791070938e-04
8.447719155810773373e-04
1.206395332701504230e-03
7.945700781419873238e-04
1.000790274702012539e-03
9.998595342040061951e-04
9.253236348740756512e-04
1.057686400599777699e-03
1.073468592949211597e-03
1.138026127591729164e-03
9.441323927603662014e-04
1.174420816823840141e-03
9.476950508542358875e-04
1.194092561490833759e-03
1.315400819294154644e-03
1.271804678253829479e-03
7.078557973727583885e-04
9.536230354569852352e-04
1.174378558062016964e-03
9.453449747525155544e-04
1.052193809300661087e-03
9.141151676885783672e-04
1.024563680402934551e-03
1.110876561142504215e-03
1.051164814271032810e-03
1.083894167095422745e-03
6.494201370514929295e-04
9.722457616589963436e-04
1.044592238031327724e-03
1.047002733685076237e-03
1.101569738239049911e-03
8.328767144121229649e-04
9.260228252969682217e-04
1.079857232980430126e-03
1.280893804505467415e-03
1.274937414564192295e-03
9.031170047819614410e-04
1.176238758489489555e-03
1.076051965355873108e-03
9.714521002024412155e-04
9.860455757007002831e-04
7.392871193587779999e-04
1.074368250556290150e-03
9.004914900287985802e-04
1.083579612895846367e-03
1.029125647619366646e-03
1.174224773421883583e-03
9.577355813235044479e-04
8.896285435184836388e-04
1.114787184633314610e-03
7.835734868422150612e-04
1.088790711946785450e-03
7.119898218661546707e-04
1.024226308800280094e-03
8.073134813457727432e-04
1.041638897731900215e-03
1.005018712021410465e-03
9.249064023606479168e-04
9.745954303070902824e-04
1.191722694784402847e-03
8.070024778135120869e-04
7.882380741648375988e-04
1.006277627311646938e-03
1.221180311404168606e-03
1.193221425637602806e-03
9.548269445076584816e-04
9.399392874911427498e-04
1.181863597594201565e-03
1.088391756638884544e-03
8.242609910666942596e-04
8.615604601800441742e-04
9.129418758675456047e-04
1.037576817907392979e-03
1.014424022287130356e-03
1.053512212820351124e-03
1.139698200859129429e-03
9.928522631525993347e-04
9.895385010167956352e-04
1.113881124183535576e-03
1.064831740222871304e-03
9.171226993203163147e-04
9.400873677805066109e-04
1.084305462427437305e-03
7.642754935659468174e-04
1.294947811402380466e-03
1.049712533131241798e-03
1.221475773490965366e-03
7.822333718650043011e-04
9.589897235855460167e-04
1.182540901936590672e-03
1.101949019357562065e-03
1.017776550725102425e-03
8.376751793548464775e-04
9.944299235939979553e-04
9.178884793072938919e-04
8.856338681653141975e-04
1.081922673620283604e-03
1.036640605889260769e-03
9.563729399815201759e-04
9.987736120820045471e-04
1.067481469362974167e-03
7.006557425484061241e-04
9.565409854985773563e-04
8.752239518798887730e-04
8.273989078588783741e-04
9.168922551907598972e-04
9.004895109683275223e-04
8.486093138344585896e-04
1.055572764016687870e-03
8.005313575267791748e-04
9.350405889563262463e-04
9.863965678960084915e-04
1.035534078255295753e-03
8.365134708583354950e-04
1.045555109158158302e-03
9.119698661379516125e-04
9.677891503088176250e-04
9.380578412674367428e-04
7.726696785539388657e-04
1.348231919109821320e-03
1.016937894746661186e-03
1.109629520215094090e-03
9.320100070908665657e-04
7.897590985521674156e-04
1.031040330417454243e-03
1.028595957905054092e-03
1.126542105339467525e-03
9.694147156551480293e-04
1.192430849187076092e-03
9.065197082236409187e-04
9.955262066796422005e-04
7.974001346156001091e-04
8.261405164375901222e-04
1.331202918663620949e-03
1.062166411429643631e-03
8.895212085917592049e-04
8.179947617463767529e-04
1.093781320378184319e-03
9.329734020866453648e-04
9.637164766900241375e-04
1.253530033864080906e-03
1.118148327805101871e-03
8.986963075585663319e-04
1.251500449143350124e-03
9.573158458806574345e-04
1.325595076195895672e-03
1.100435736589133739e-03
9.110482060350477695e-04
1.024871482513844967e-03
8.616834529675543308e-04
1.040601171553134918e-03
8.040658431127667427e-04
9.128451929427683353e-04
1.078760018572211266e-03
1.212012255564332008e-03
1.203880063258111477e-03
1.085541211068630219e-03
9.262693347409367561e-04
1.075119827874004841e-03
9.946090867742896080e-04
9.580896585248410702e-04
1.032570027746260166e-03
9.644893580116331577e-04
1.057707937434315681e-03
1.270558685064315796e-03
1.121071632951498032e-03
8.953008800745010376e-04
9.111692197620868683e-04
1.189806964248418808e-03
1.039759139530360699e-03
1.022343756631016731e-03
8.187158382497727871e-04
8.743728976696729660e-04
1.154664205387234688e-03
1.110128127038478851e-03
1.035782624967396259e-03
1.097159110940992832e-03
8.706483640708029270e-04
9.870013454928994179e-04
1.230272930115461349e-03
1.279189367778599262e-03
7.562307873740792274e-04
1.075318432413041592e-03
1.027393154799938202e-03
8.618827559985220432e-04
8.465717546641826630e-04
9.986067889258265495e-04
8.307502139359712601e-04
8.510372135788202286e-04
1.067036530002951622e-03
9.607656975276768208e-04
9.246270637959241867e-04
9.440548019483685493e-04
1.083397422917187214e-03
7.884133956395089626e-04
1.078559784218668938e-03
1.144145964644849300e-03
9.099573944695293903e-04
1.188354217447340488e-03
1.068300567567348480e-03
9.767262963578104973e-04
9.063026518560945988e-04
1.067050965502858162e-03
8.507856982760131359e-04
1.038819085806608200e-03
1.026434591040015221e-03
1.079498440958559513e-03
1.122958376072347164e-03
1.048347912728786469e-03
1.176635501906275749e-03
8.943105931393802166e-04
9.080542949959635735e-04
9.820880368351936340e-04
1.231261761859059334e-03
9.953741682693362236e-04
9.002716979011893272e-04
9.980760514736175537e-04
8.602559682913124561e-04
6.786758312955498695e-04
9.208751143887639046e-04
1.084233284927904606e-03
1.192211522720754147e-03
8.711462141945958138e-04
1.068686135113239288e-03
1.092092716135084629e-03
1.019885297864675522e-03
1.089331810362637043e-03
1.014565001241862774e-03
1.174131408333778381e-03
1.049857935868203640e-03
1.073824823834002018e-03
8.253600681200623512e-04
1.238684519194066525e-03
1.078289584256708622e-03
1.026782905682921410e-03
1.103926566429436207e-03
1.164870569482445717e-03
8.492360939271748066e-04
9.773650672286748886e-04
9.129676618613302708e-04
1.000582939013838768e-03
9.602947975508868694e-04
1.232394366525113583e-03
1.030277693644165993e-03
1.071281381882727146e-03
1.066235592588782310e-03
1.043288270011544228e-03
1.102444366551935673e-03
7.754960679449141026e-04
9.965500794351100922e-04
8.623047033324837685e-04
1.246059546247124672e-03
9.049569489434361458e-04
9.102803305722773075e-04
9.662817465141415596e-04
9.135864675045013428e-04
8.383180247619748116e-04
1.062008785083889961e-03
1.033992506563663483e-03
1.157808932475745678e-03
1.005608472041785717e-03
1.049331040121614933e-03
9.541260660625994205e-04
1.018995535559952259e-03
9.886932093650102615e-04
1.031276537105441093e-03
9.487926727160811424e-04
1.319370814599096775e-03
9.834503289312124252e-04
1.073747873306274414e-03
9.085416095331311226e-04
8.937732200138270855e-04
7.205019937828183174e-04
6.830901838839054108e-04
9.645061218179762363e-04
1.047579338774085045e-03
9.277326171286404133e-04
1.213778741657733917e-03
7.698434637859463692e-04
1.218799035996198654e-03
1.083196606487035751e-03
8.578614797443151474e-04
8.741996716707944870e-04
1.120953471399843693e-03
1.110534882172942162e-03
1.182506675831973553e-03
1.105347415432333946e-03
1.011982909403741360e-03
1.000721473246812820e-03
1.154903206042945385e-03
9.884404717013239861e-04
9.162868955172598362e-04
1.043324358761310577e-03
1.083151553757488728e-03
8.501082775183022022e-04
8.414065814577043056e-04
1.290820888243615627e-03
8.703431813046336174e-04
8.956508245319128036e-04
1.135271508246660233e-03
1.029264996759593487e-03
9.852460352703928947e-04
9.173359139822423458e-04
8.341924403794109821e-04
1.003592158667743206e-03
1.208157395012676716e-03
7.843079511076211929e-04
9.401680435985326767e-04
7.723449380137026310e-04
8.459658129140734673e-04
1.033030799590051174e-03
7.586035644635558128e-04
9.057265124283730984e-04
9.207987459376454353e-04
1.049531740136444569e-03
7.495927857235074043e-04
8.680304163135588169e-04
1.055157743394374847e-03
1.074890256859362125e-03
1.175410463474690914e-03
9.399094851687550545e-04
1.211139606311917305e-03
1.015223329886794090e-03
9.291429305449128151e-04
8.559158304706215858e-04
9.678879287093877792e-04
1.021332573145627975e-03
8.128336630761623383e-04
9.092845721170306206e-04
1.175932236947119236e-03
8.404451655223965645e-04
7.634453941136598587e-04
8.702934137545526028e-04
8.713365532457828522e-04
9.196222526952624321e-04
1.004085759632289410e-03
9.104899945668876171e-04
1.142833149060606956e-03
9.963309857994318008e-04
1.037199399434030056e-03
1.119680469855666161e-03
9.415317326784133911e-04
9.081537136808037758e-04
1.051964471116662025e-03
9.399473783560097218e-04
8.808460552245378494e-04
1.276674680411815643e-03
7.963773095980286598e-04
1.238935277797281742e-03
1.292448607273399830e-03
8.080775151029229164e-04
7.239531259983778000e-04
7.781038875691592693e-04
9.140406036749482155e-04
1.048933481797575951e-03
7.812622352503240108e-04
1.129021402448415756e-03
1.222161692567169666e-03
1.104940078221261501e-03
9.073535329662263393e-04
1.044588163495063782e-03
8.401714731007814407e-04
9.427714976482093334e-04
9.650552528910338879e-04
1.141895074397325516e-03
1.003179699182510376e-03
1.229553832672536373e-03
9.868425549939274788e-04
8.309152326546609402e-04
1.362252980470657349e-03
1.050921389833092690e-03
9.015952819027006626e-04
9.567955858074128628e-04
1.006693462841212749e-03
9.768089512363076210e-04
1.179194776341319084e-03
8.041805122047662735e-04
1.019654329866170883e-03
9.795725345611572266e-04
9.967559017241001129e-04
1.056726439855992794e-03
1.046524965204298496e-03
9.559553000144660473e-04
7.962165982462465763e-04
9.627168765291571617e-04
8.165186154656112194e-04
1.073983847163617611e-03
9.221821092069149017e-04
1.025642268359661102e-03
9.482908062636852264e-04
9.651333675719797611e-04
9.096246212720870972e-04
1.127825467847287655e-03
9.007680346257984638e-04
8.619367727078497410e-04
8.344355155713856220e-04
1.213297131471335888e-03
7.643859134986996651e-04
1.127322553656995296e-03
1.201475970447063446e-03
1.120820175856351852e-03
8.419165969826281071e-04
1.093324390240013599e-03
9.853176306933164597e-04
1.017345697619020939e-03
9.704182739369571209e-04
1.366356620565056801e-03
1.147004892118275166e-03
8.747752872295677662e-04
1.025341218337416649e-03
9.584634681232273579e-04
8.475109934806823730e-04
9.816926904022693634e-04
1.005129190161824226e-03
9.070810629054903984e-04
8.451828034594655037e-04
8.658710867166519165e-04
1.310075633227825165e-03
9.998226305469870567e-04
1.210645888932049274e-03
9.410433121956884861e-04
1.155878999270498753e-03
1.123548718169331551e-03
9.114679414778947830e-04
1.127265975810587406e-03
9.397942340001463890e-04
8.576855761930346489e-04
1.087429467588663101e-03
8.523313445039093494e-04
9.778754319995641708e-04
1.002386561594903469e-03
1.111753401346504688e-03
9.740620735101401806e-04
9.031464578583836555e-04
8.735947194509208202e-04
9.959855815395712852e-04
1.098123146221041679e-03
9.996586013585329056e-04
9.559192694723606110e-04
1.039420603774487972e-03
1.206044689752161503e-03
1.058073481544852257e-03
1.172805088572204113e-03
9.436975815333425999e-04
8.683971245773136616e-04
8.995619136840105057e-04
1.085731666535139084e-03
1.286322949454188347e-03
1.151244970969855785e-03
1.180728082545101643e-03
8.154488750733435154e-04
9.933606488630175591e-04
9.084786288440227509e-04
1.038576359860599041e-03
9.617601754143834114e-04
1.103011891245841980e-03
1.000528573058545589e-03
1.112359692342579365e-03
9.467618074268102646e-04
9.463676251471042633e-04
1.137792598456144333e-03
8.401346858590841293e-04
8.707580855116248131e-04
1.174460514448583126e-03
9.738825028762221336e-04
1.265472033992409706e-03
9.208814590238034725e-04
1.135782920755445957e-03
1.157179125584661961e-03
1.020046183839440346e-03
1.024878933094441891e-03
9.488643263466656208e-04
9.502532775513827801e-04
1.220063772052526474e-03
9.458364802412688732e-04
1.142225693911314011e-03
7.735694525763392448e-04
8.513257489539682865e-04
1.055510714650154114e-03
1.236066222190856934e-03
1.253768801689147949e-03
1.040245522744953632e-03
8.803598466329276562e-04
9.718093206174671650e-04
8.754446753300726414e-04
9.563527419231832027e-04
1.131984521634876728e-03
9.625221136957406998e-04
9.837609250098466873e-04
9.103231714107096195e-04
1.086398260667920113e-03
9.775087237358093262e-04
1.059078727848827839e-03
1.077169552445411682e-03
8.421970414929091930e-04
1.092061400413513184e-03
8.701136684976518154e-04
9.326871368102729321e-04
1.063351868651807308e-03
9.905654005706310272e-04
9.716761996969580650e-04
1.029042759910225868e-03
1.079218578524887562e-03
1.319884555414319038e-03
8.700856706127524376e-04
1.081754686310887337e-03
9.643239318393170834e-04
1.008864841423928738e-03
8.236508583649992943e-04
1.240737154148519039e-03
9.048820938915014267e-04
1.047359197400510311e-03
1.033880864270031452e-03
9.454764658585190773e-04
1.210136455483734608e-03
1.175623736344277859e-03
1.139694708399474621e-03
7.796759018674492836e-04
1.180496532469987869e-03
1.234875991940498352e-03
1.108551979996263981e-03
8.459063828922808170e-04
9.479906293563544750e-04
6.124747451394796371e-04
9.659114293754100800e-04
1.060661277733743191e-03
8.270299877040088177e-04
9.804716100916266441e-04
1.028866274282336235e-03
9.662008378654718399e-04
8.811852894723415375e-04
1.093408674933016300e-03
1.189574017189443111e-03
1.029506791383028030e-03
1.055725966580212116e-03
8.830793667584657669e-04
1.083643524907529354e-03
1.130410004407167435e-03
9.436665568500757217e-04
1.198899932205677032e-03
9.279811638407409191e-04
9.947954677045345306e-04
9.258023346774280071e-04
1.022527809254825115e-03
7.890656124800443649e-04
9.091657702811062336e-04
8.846848504617810249e-04
8.823804091662168503e-04
9.797343518584966660e-04
1.110532903112471104e-03
8.512950153090059757e-04
9.305208805017173290e-04
7.583713741041719913e-04
8.750318083912134171e-04
9.091350948438048363e-04
9.137970046140253544e-04
8.178727584891021252e-04
9.407864999957382679e-04
1.088852877728641033e-03
1.013528904877603054e-03
9.283983381465077400e-04
1.385041745379567146e-03
8.885377901606261730e-04
1.078096684068441391e-03
9.556471486575901508e-04
9.831291390582919121e-04
9.322998230345547199e-04
1.038010232150554657e-03
8.960649138316512108e-04
7.961937226355075836e-04
9.644707897678017616e-04
1.024593482725322247e-03
9.639661293476819992e-04
1.029053004458546638e-03
1.039650174789130688e-03
1.003742101602256298e-03
9.211176657117903233e-04
9.269713773392140865e-04
8.366038673557341099e-04
9.508171933703124523e-04
8.657100843265652657e-04
9.296964854001998901e-04
9.037498384714126587e-04
8.710306137800216675e-04
1.007051789201796055e-03
7.693454390391707420e-04
1.313123269937932491e-03
9.091618121601641178e-04
9.725585114210844040e-04
1.013195374980568886e-03
9.985013166442513466e-04
9.451318765059113503e-04
8.475276990793645382e-04
8.673301199451088905e-04
7.832836126908659935e-04
9.026697371155023575e-04
9.819512488320469856e-04
1.030643237754702568e-03
7.686736644245684147e-04
8.041432593017816544e-04
9.665059042163193226e-04
1.207809196785092354e-03
9.764321730472147465e-04
7.460176711902022362e-04
1.202574465423822403e-03
1.239107805304229259e-03
9.324732236564159393e-04
9.313205373473465443e-04
1.058479654602706432e-03
8.146790205501019955e-04
1.019597053527832031e-03
8.385168039239943027e-04
1.001806347630918026e-03
9.590173140168190002e-04
8.715465082786977291e-04
1.064399140886962414e-03
1.035024062730371952e-03
1.170094008557498455e-03
1.008110004477202892e-03
1.026392099447548389e-03
1.276622293516993523e-03
7.092445739544928074e-04
1.411617384292185307e-03
9.727302240207791328e-04
1.088185934349894524e-03
1.353710889816284180e-03
9.002092992886900902e-04
9.551886469125747681e-04
8.069146424531936646e-04
1.043599448166787624e-03
9.402442956343293190e-04
9.429279016330838203e-04
1.028459169901907444e-03
9.654774912633001804e-04
