4.052247022145175070e-01 3.913165736422403729e-01 3.802005867490708124e-01 2.748135496115839960e-01 4.616791510058375070e-01 2.990475588434320375e-01 4.787103001877283104e-01 3.503901427108297439e-01 3.324918246310279990e-01 5.113739635208384149e-01 5.705694395953737619e-01 6.156046617192576509e-01 6.326759247463237257e-01
1.696678168172469428e-02 2.387536560583291417e-02 1.235311283119904478e-02 2.046379778102162816e-02 2.732384599920361160e-02 9.660154326578903466e-03 3.108606900473435616e-02 2.897651175130346382e-02 2.028681385133971823e-02 2.638814068820948336e-02 2.015399678232866060e-02 3.405406376087938974e-02 2.911213436223687723e-02
4.191225376775529754e-01 5.244398197800647088e-01 3.357621936090803838e-01 4.155116268632673693e-01 6.096572989433038936e-01 2.130870341049857231e-01 6.718209482524508669e-01 5.616476143174823354e-01 3.901195893498471401e-01 5.903379474128099824e-01 5.251756438770234237e-01 7.657048315745316192e-01 6.947093414311700244e-01
4.564968002041158712e-01 5.927629598201383798e-01 3.507840066067288709e-01 4.931477536350575286e-01 6.779244560484936066e-01 2.008746186665234246e-01 7.494970504057860694e-01 6.404615380214694342e-01 4.244308313544797873e-01 6.163297238812736056e-01 4.996803268966059086e-01 8.187458210396653113e-01 7.120412235361190945e-01
1.038640143672698961e-02 1.249233543606672638e-02 8.432706255696078776e-03 1.108096816073936113e-02 1.371398192970225451e-02 5.097058591212761704e-03 1.470426832339104782e-02 1.226255854032522533e-02 7.624818341245850374e-03 1.010230099973236442e-02 6.942363154818606726e-03 1.457110079596500400e-02 1.167827166998008058e-02
3.697529768792656713e-02 5.073050995450190809e-02 2.756249548973442598e-02 4.527111300826450885e-02 5.684793992433996579e-02 2.278089364978571132e-02 6.436939397401758578e-02 6.111377815796493335e-02 4.258352237437840193e-02 5.173130853200986340e-02 3.606391136445780132e-02 6.773867366793830114e-02 5.565175852061293033e-02
3.677391633346381306e-01 1.145065549727653925e-01 5.484751467485878829e-01 1.983677058961775264e-01 1.782864657522319207e-01 7.979046229048359917e-01 3.699092744920377540e-01 7.484538894809684706e-01 8.357170869048595740e-01 8.081845726445117117e-01 9.019582848318746793e-01 7.386592314687853156e-01 8.309635183907231326e-01
4.011804817693769842e-01 1.319759750929863085e-01 5.483947701635323302e-01 1.830383616669475910e-01 1.806198462768734414e-01 7.374702843206680791e-01 3.065568986579833011e-01 6.266265982949011937e-01 7.378962280168543941e-01 7.171303710592440428e-01 8.377209789247990201e-01 6.509214865095936942e-01 7.582523207945274235e-01
1.228826115940165158e-02 8.659428933605136172e-03 2.288124221349276122e-02 1.324037998223297381e-02 1.250032173241056969e-02 3.937636506040282508e-02 2.444246817212625614e-02 4.386978452556450359e-02 4.483442389152089702e-02 4.349004001193559898e-02 4.433250525799035252e-02 4.112094412537323912e-02 4.300045300346796301e-02
2.144020304985460312e-01 2.251684603413956209e-01 4.609741491166782779e-01 2.844240892350314298e-01 3.416149178717638457e-01 8.439835288830838111e-01 6.032894130167923974e-01 1.000000000000000222e+00 1.000000000000000222e+00 1.000000000000000222e+00 1.000000000000000222e+00 9.718988162920431106e-01 1.000000000000000222e+00
2.965319306774970021e-01 1.380313867637754377e-01 5.065667292635485097e-01 2.083473560089021959e-01 2.350340650736249815e-01 8.115153702693198579e-01 4.659363745498198983e-01 8.525812469240759972e-01 9.026071887583705378e-01 8.906792195615372831e-01 9.447992975019049444e-01 8.387792704579832836e-01 9.044812838934154220e-01
1.905067770663236570e-01 2.049577665509474955e-01 4.107578870467473164e-01 2.124180493493356969e-01 3.340607026507852462e-01 7.421308557657098071e-01 5.608193594562559392e-01 8.891106155340767758e-01 8.924661772439230756e-01 9.208249260324239405e-01 9.311759678078478375e-01 9.084990129072689768e-01 9.409817170097929395e-01
1.169254862169614995e-02 5.374743874601204362e-03 1.936437079696099600e-02 9.914602365866064665e-03 7.145667065386932491e-03 3.093767215986289315e-02 1.617349566911612663e-02 3.192054623362994281e-02 3.371970975838357171e-02 3.196789656681058717e-02 3.373614064624527731e-02 2.935773546785637803e-02 3.160903786393924608e-02
1.326134919880708578e-02 6.824748628225281964e-03 1.907232310654200305e-02 1.148093179754277812e-02 5.017683508248954420e-03 2.824680016731666993e-02 1.153624396082516060e-02 2.680003973365717787e-02 2.888692551076760956e-02 2.535176606574188890e-02 2.741710536288597538e-02 2.186553615154067029e-02 2.405038859405174076e-02
4.264057868946427021e-01 1.422018336045796638e-01 6.296401676134815162e-01 2.921794965644271547e-01 1.455425037309073244e-01 9.206423499771706487e-01 3.780533354991044703e-01 8.541038340108334515e-01 9.473671931868731244e-01 8.740552710724633911e-01 9.710078471941061551e-01 7.732353324425869090e-01 8.707267783570217246e-01
4.782791791326472808e-01 1.746768465240464974e-01 6.341676240473913539e-01 2.765762676142940468e-01 1.516868603335931320e-01 8.340289973934706946e-01 2.678463563015057725e-01 6.655496360981483228e-01 7.979079623206200012e-01 7.250232575549542258e-01 8.682342131676419328e-01 6.227282861247093182e-01 7.476006327499176152e-01
1.000000000000000222e+00 1.000000000000000222e+00 9.433586582468735937e-01 1.000000000000000222e+00 1.000000000000000222e+00 8.616544746949168498e-01 1.000000000000000222e+00 9.089072586612523263e-01 6.740258573521498153e-01 4.271399343808349180e-01 1.434159210709775867e-01 7.326640632832698286e-01 3.712219965975911418e-01
1.346792093761849454e-02 1.383448014463343687e-02 1.262690856077436537e-02 1.390468930428264381e-02 1.388277861495883746e-02 1.191636464766927979e-02 1.420665118013034710e-02 1.358572021291862102e-02 1.017934670862011629e-02 7.055668083707235770e-03 2.131492286841847172e-03 1.083690637065676601e-02 5.846253390752469484e-03
9.245505256682698958e-01 9.062622533853390561e-01 8.734113124571819542e-01 8.967973423836514968e-01 9.072905831573022661e-01 7.662724009875858666e-01 8.883735312306744181e-01 7.527292827061898839e-01 5.433336337056791088e-01 3.204492825034885306e-01 1.681271078404935337e-01 6.386049186773927744e-01 3.296822788005585037e-01
2.866920087442915641e-02 3.074389325888639973e-02 2.569854682059578496e-02 2.966821904326249343e-02 3.175116852892460179e-02 2.127079969045341662e-02 3.266559605420157886e-02 2.842998556358886098e-02 1.885597123682337256e-02 1.628476713461657691e-02 5.209009238379631694e-03 2.702514009477502768e-02 1.723458911107949090e-02
8.478272150664017959e-02 9.034565743266248505e-02 7.712198552670911089e-02 8.880504254870054404e-02 9.236754943151583019e-02 6.860971617037532611e-02 9.552140607363157621e-02 8.771859274501600523e-02 6.167208349266965761e-02 4.885225746128154384e-02 1.326516573622306405e-02 7.731989741710983133e-02 4.669028747524851808e-02
9.335344200872385256e-01 9.614839024449098881e-01 8.611852980282643788e-01 9.451446468488080566e-01 9.758662538056220859e-01 7.510664890986282760e-01 9.865943206035058255e-01 8.696219223634900075e-01 6.068349966025636810e-01 4.399012840622744669e-01 1.176151663964519617e-01 7.644221796079985198e-01 4.370365259797557300e-01
7.715776514092383964e-01 6.946803238577172745e-01 7.472832336896382266e-01 6.719444685386870564e-01 6.930219151695713453e-01 6.277519716013419959e-01 6.284067538220361460e-01 4.021977359392728824e-01 3.156183569478068218e-01 1.588241056584079602e-01 3.261366673263983440e-01 4.346956496246981994e-01 3.052490192275436054e-01
8.013532288055027486e-01 6.893524490866982379e-01 7.975786459413315432e-01 6.847680317984300435e-01 6.718814525080922806e-01 7.147230587120901868e-01 5.904810127010634568e-01 4.081569176279407074e-01 3.985790046006084109e-01 1.409492804060329119e-01 3.874752396344072203e-01 3.653730290356432819e-01 2.613069509380154809e-01
7.818634835309251629e-01 7.460122856954310988e-01 7.360315966770887286e-01 7.142751600901880993e-01 7.562149680238658966e-01 5.917721058778908638e-01 7.161552781789248812e-01 4.971655957796628500e-01 3.199934131823531369e-01 2.206265739655859925e-01 2.510881916720876239e-01 5.330238672689688872e-01 3.498606573688104460e-01
8.483781700872385922e-01 7.853185866478064048e-01 8.177647724521895922e-01 7.731967941248043541e-01 7.794450284600452639e-01 7.069297389998762116e-01 7.274948562934687724e-01 5.474682162674358032e-01 4.159462448556688341e-01 1.856932773538586545e-01 2.708636050817056495e-01 4.896144782920452410e-01 2.716284864859959125e-01
8.910453773347500883e-01 8.529292137524182582e-01 8.485588157547918620e-01 8.419781739831538880e-01 8.508652554154220171e-01 7.371462204669219087e-01 8.168675504028249934e-01 6.598136823723904643e-01 4.808771163545375593e-01 2.522327145194153686e-01 2.082917775501832158e-01 5.701128477085395385e-01 2.963184729765297454e-01
3.325445631131950311e-03 7.371856841604064632e-03 2.531444916446251234e-03 6.341820079328099394e-03 9.072716145954704686e-03 7.214050003033104647e-03 1.165125766702154904e-02 1.358454186797947508e-02 1.139198667917502503e-02 1.299697039916763129e-02 1.113782064901071810e-02 1.465579889868923527e-02 1.347411400761337058e-02
1.259511721669971662e-02 2.163963010839952197e-02 9.085184757105306888e-03 1.712811077117001521e-02 2.645694440119028892e-02 1.446054307521770291e-02 3.208953264372807479e-02 3.328830945807326885e-02 2.656960408130478943e-02 3.351051606637259206e-02 2.915471726557128732e-02 3.954636273419760012e-02 3.644606069278068239e-02
2.300152999524662512e-01 3.282725004830518434e-01 2.633874183474838593e-01 1.979489389954258993e-01 4.432106877166232528e-01 4.239942851565391968e-01 5.666139077195361251e-01 6.503305399790706431e-01 6.033047461172668102e-01 7.356360060617541663e-01 7.299720908564889532e-01 8.062290491224041178e-01 8.088670199946151884e-01
2.065434602533274266e-01 4.085534822053195625e-01 2.061297381855381750e-01 3.020813624792562657e-01 5.292881605141108725e-01 4.166187372711426806e-01 6.761488422007279064e-01 7.647461057616525837e-01 6.614799343200963300e-01 8.013458995658697681e-01 7.406425407874580591e-01 8.996510147551143310e-01 8.636657376877804326e-01
1.046201312772620934e-01 3.258884087110566763e-01 3.096976095135688389e-01 2.980763093178700474e-01 4.612793560729903652e-01 6.872006241520919323e-01 6.866389261835812441e-01 9.641027154245817021e-01 9.064210080191232866e-01 9.676395956148766686e-01 9.199026418425212404e-01 1.000000000000000222e+00 9.881517376252586526e-01
4.744194711819599113e-03 1.449815246765148377e-02 7.780052012762314617e-03 1.207996944003842700e-02 1.914822231121078230e-02 2.029956584676311654e-02 2.614568078078009436e-02 3.296261808179096198e-02 2.941882325736439735e-02 3.294969826939762175e-02 3.014720862928503900e-02 3.561109036883038786e-02 3.418621466725357133e-02
1.177371099429593698e-01 3.509911337816956634e-01 2.586816381578214696e-01 2.878426630810267950e-01 4.842576027523446403e-01 5.957350917198313001e-01 6.832962043168219202e-01 8.973149865114758983e-01 8.254371219154051920e-01 9.140206727368105355e-01 8.610681683432194200e-01 9.686193920034587013e-01 9.489104190287503959e-01
5.334119537204438065e-03 1.028274753297681206e-02 1.406211513266273326e-02 1.052240280143809138e-02 1.520093956530403113e-02 2.823024748529077282e-02 2.418612181065470448e-02 3.648717064287625156e-02 3.534385484822955004e-02 3.664447077082492316e-02 3.568343754235043380e-02 3.683398377070073310e-02 3.708250813549641978e-02
1.542299293361972835e-02 3.835964575756476563e-02 4.218832208688704649e-02 4.158558522433562776e-02 5.185311990701751972e-02 9.118742127339334036e-02 8.112065425740747071e-02 1.216166597674449429e-01 1.153054236316752995e-01 1.174089305694769741e-01 1.107497077323587320e-01 1.184196914207548690e-01 1.165528717528307445e-01
1.251182420685868421e-02 4.555669300436985397e-02 3.636282533780148263e-02 4.516485205103921291e-02 6.044104953694123122e-02 8.777646399668274924e-02 8.934298316370513360e-02 1.258132048718909601e-01 1.162099362270147124e-01 1.214165714193989470e-01 1.119790499310570342e-01 1.256527559241339409e-01 1.216417080285002866e-01
4.384222786880663247e-01 3.171261128244650118e-01 4.722348898152112229e-01 2.341113280344974679e-01 3.624053953971886344e-01 4.729431902373388841e-01 3.426266119555644862e-01 3.061578097870424897e-01 4.177060493466970281e-01 4.963996906952247712e-01 6.298136864471765017e-01 5.245134722534768867e-01 6.071016379765584725e-01
1.624363942468312616e-02 9.381048950156997690e-03 2.011283995063303104e-02 1.280366170960192673e-02 6.775425489539218908e-03 2.557435720625863065e-02 7.634385855739674910e-03 1.971175498724684824e-02 2.297214169783813945e-02 1.776507856561986357e-02 2.179339670912358931e-02 1.343481885028886998e-02 1.653007888775325646e-02
7.329345675819262107e-01 4.583918677646187101e-01 8.460570473755820720e-01 5.481001548082556907e-01 3.723328389802429972e-01 9.678594426258934069e-01 2.754544206689018004e-01 6.011277622719675140e-01 7.764082375330867425e-01 5.448246145333877077e-01 7.815655148371242200e-01 3.731974199024560845e-01 5.362061005374543221e-01
6.509721717369423288e-01 3.433128026386239040e-01 8.037817937978333216e-01 4.692068292234918281e-01 2.463018529858801431e-01 1.000000000000000222e+00 2.521629687815929444e-01 7.255376252218167510e-01 8.837916467337439963e-01 6.993212526348613345e-01 8.882609826182641388e-01 5.312988153948280390e-01 6.808809203916300623e-01
6.575978987249747609e-01 5.240822151543196306e-01 6.674196153961536870e-01 4.992992653818771331e-01 5.187868071358524569e-01 5.902038647906293622e-01 4.231265444867164938e-01 1.831180832640678380e-01 3.103126466830604668e-01 2.342492383816291712e-01 4.818790551025597946e-01 3.326309497988518271e-01 3.907199647994202829e-01
6.228204339559333391e-01 4.785597175503849554e-01 6.407228911570852503e-01 4.508013386379310372e-01 4.756817161884298040e-01 5.777485979832971408e-01 3.778290121545446745e-01 1.607098686858026149e-01 3.293703852285566613e-01 2.811284181668045057e-01 5.169917457850071729e-01 3.382801165002072841e-01 4.266805991090273920e-01
4.980647438765239410e-01 4.403206550421018273e-01 4.780673808610520492e-01 3.535797079250227459e-01 4.845912625629303361e-01 3.593133147860765320e-01 4.532862828006467559e-01 2.178895740083311716e-01 2.402375122130008811e-01 3.966416133670948030e-01 5.072409204968304497e-01 5.162308758933937813e-01 5.404406240640603487e-01
5.609903202242478848e-01 4.836183720210506243e-01 5.443182527866240461e-01 4.172496403131651377e-01 5.115628506159871636e-01 4.211131825926550110e-01 4.561347794931926436e-01 1.730426584835733639e-01 2.107879023571133936e-01 3.234321331692801005e-01 4.708381834792011444e-01 4.577531301058431201e-01 4.802126572841031726e-01
5.423760625209708142e-01 4.326150865371204413e-01 5.466676641413450444e-01 3.718750562946210869e-01 4.557717968767897032e-01 4.647435296953721928e-01 3.902215748878831714e-01 1.576176006008749575e-01 2.826211700564743579e-01 3.523314939186158457e-01 5.236703891186768045e-01 4.332821190626943708e-01 4.970795317301025529e-01
9.453827522089252033e-01 8.570302647307055377e-01 9.319717866865809830e-01 8.708223664035575906e-01 8.322533311343880413e-01 8.679533143668309858e-01 7.761115545583984199e-01 6.706054050750090978e-01 5.739127777372657890e-01 2.325608673527174430e-01 3.190228978493694356e-01 4.741974074875076051e-01 1.921101179481612131e-01
9.870110306453419025e-01 8.577535172300079225e-01 1.000000000000000222e+00 8.953002829283052133e-01 8.129582007595490545e-01 9.825473240003119724e-01 7.435489523504962284e-01 7.124794480476906999e-01 6.794699412664056970e-01 2.771922470729470400e-01 4.323221117881316800e-01 4.046270617291060079e-01 1.491403030671765439e-01
9.851412209204789550e-01 9.289897296865491372e-01 9.558230666082268012e-01 9.398147111681135479e-01 9.117996204976225316e-01 8.861498240150509353e-01 8.773311121488763797e-01 7.802685600633393337e-01 6.236223772531592768e-01 3.062755654282967033e-01 2.478853751081955548e-01 5.771671987880506727e-01 2.412651502495335443e-01
1.566413491015933995e-02 1.441432060160553925e-02 1.560337735115316371e-02 1.503546350801228046e-02 1.383915580865375909e-02 1.553076492324850962e-02 1.336583112484441074e-02 1.344313433101622379e-02 1.170394519944822215e-02 5.922338074750906935e-03 5.324839566075844667e-03 8.202466782800527795e-03 2.784703806897692677e-03
8.800989647410804029e-01 7.562384069835864642e-01 8.850332760948905753e-01 7.715947207958604448e-01 7.249032132014658902e-01 8.304673738381490589e-01 6.441361957044973163e-01 5.317006666201968823e-01 5.178065092301739059e-01 1.673631294638827927e-01 4.005228738943151789e-01 3.617599921295485133e-01 1.946098229853197581e-01
5.759151573509674327e-01 5.697117427944837775e-01 5.202465032883645257e-01 4.918180291275269234e-01 6.131322234628105994e-01 3.333334752654841249e-01 5.938082949881855477e-01 3.325352177773014395e-01 1.731353647644683635e-01 3.540135188000317346e-01 3.884514618561133448e-01 5.693074931308299558e-01 5.049817627248314178e-01
6.204503830667711384e-01 5.575781835677542375e-01 5.912283674251436194e-01 5.001753528637966628e-01 5.800983223446046777e-01 4.444481055660767232e-01 5.245864730670279918e-01 2.279254229663672804e-01 1.654575713374657753e-01 2.636100124567345993e-01 4.022534007790682931e-01 4.602540119323305090e-01 4.324461562560190653e-01
6.865925319455319364e-01 6.783434364447236131e-01 6.272493415629397662e-01 6.232209467950878823e-01 7.070475640112939830e-01 4.459131073904509246e-01 6.812867853272385199e-01 4.352231293526818701e-01 2.227042031140995526e-01 2.868366164966059673e-01 2.889570898316256575e-01 5.699590171074859768e-01 4.342189165468607337e-01
6.540775116038474168e-01 6.133043636264590148e-01 6.117003402420089220e-01 5.576936954085350839e-01 6.372860691170395553e-01 4.469593875343831346e-01 5.924668493190088370e-01 3.137721001705279789e-01 1.710967153704166799e-01 2.555760586315189431e-01 3.477210528973186388e-01 4.989873470809586542e-01 4.212882834036595359e-01
6.824004236103344834e-01 6.085273142297665805e-01 6.570254229629111098e-01 5.673292519711317095e-01 6.190845600074641464e-01 5.218530203052502703e-01 5.545323837780353760e-01 2.775361346265977636e-01 2.118852221103424138e-01 2.054100853621375344e-01 3.707093250704309173e-01 4.331466500661069197e-01 3.778472737870304798e-01
1.508736613930784787e-02 1.218383241391707110e-02 1.625151948245946373e-02 1.371668127814272553e-02 1.083899806283777391e-02 1.805293458137683174e-02 1.006535071490432046e-02 1.365948997158058197e-02 1.432753106280948430e-02 7.960433432417143157e-03 1.023707529156364301e-02 5.239651551881979036e-03 4.731762111148930805e-03
1.743232779666023177e-02 1.457712479816508817e-02 1.858497849222320863e-02 1.630091570415952151e-02 1.313744752692279014e-02 2.067336396644198562e-02 1.256174830264921924e-02 1.654370389708411174e-02 1.667733913841015422e-02 9.365424817569818067e-03 1.097173617263837858e-02 6.692535194314092051e-03 4.944570197414722285e-03
6.863996005060956085e-01 4.862659715594412346e-01 7.390544921171513515e-01 5.035604232751563769e-01 4.498712010814036044e-01 7.424300269037851230e-01 3.283886757662896061e-01 3.145530593032878630e-01 5.005906375372340955e-01 3.312417399243345328e-01 5.989210419906726424e-01 2.732344195787285157e-01 4.172780913030164074e-01
1.748337408077955679e-01 2.812810818972632521e-01 2.932153152865886736e-01 1.801721128968386265e-01 4.085822587070816470e-01 5.373024877649027475e-01 5.712638120787427720e-01 7.451806321081225759e-01 7.147178743078845820e-01 8.116984560253390768e-01 8.070529184782406773e-01 8.538326563013323156e-01 8.655846768568624672e-01
2.325573988507997625e-01 1.990968895115499682e-01 3.830782713222948832e-01 1.209325606839095485e-01 3.168278075763729107e-01 6.155022007125867667e-01 4.798210510419813057e-01 7.097375567818018371e-01 7.327849639379236946e-01 7.922772010133614096e-01 8.321226354275553794e-01 7.944462197473005638e-01 8.414652039647041448e-01
2.941304017307908025e-01 2.572189063120667307e-01 3.565038808117128588e-01 1.178257223699751971e-01 3.545237740185254727e-01 4.698428680076853214e-01 4.439333344331389819e-01 5.327356600027731703e-01 5.584595755554574437e-01 6.640990046336555652e-01 7.215627916162299371e-01 6.989561219206362752e-01 7.457595099885678813e-01
3.356872046611117932e-01 1.532449386492132914e-01 4.730229011003856399e-01 1.200715979071364653e-01 2.372631961072699802e-01 6.582220967396438249e-01 3.661457183296151774e-01 6.190433588420179989e-01 6.996003910888870525e-01 7.233913295921180486e-01 8.160957149353699203e-01 6.913441414327621271e-01 7.758957206353989111e-01
3.482304351093278294e-01 2.654162782905246654e-01 3.969745762823791990e-01 1.412341582380494676e-01 3.441389360680067178e-01 4.614751816349404456e-01 3.946720072807136659e-01 4.438369962391112700e-01 5.002850353928893767e-01 6.013601299949153933e-01 6.874831787780755210e-01 6.320985467311701633e-01 6.940902976217088183e-01
3.327911796778884601e-01 3.508336506455528858e-01 3.193308187034426537e-01 2.164199265829630514e-01 4.398958128261060141e-01 3.316166639699558716e-01 4.975827540318453202e-01 4.629549601170556694e-01 4.388849600974324416e-01 6.000029149253752747e-01 6.355074630960990678e-01 6.855858483775905121e-01 7.022450958015780120e-01
3.056577886849163456e-02 2.325504529409832405e-02 3.277932243785269123e-02 2.539917563037711809e-02 2.085366143703855368e-02 3.433512394588176392e-02 1.715065447637841023e-02 2.055474226441979593e-02 2.460607698431498472e-02 1.238492602573644866e-02 2.175312085033512255e-02 9.023006003022925742e-03 1.078477701222941947e-02
7.810416899675651781e-01 6.123950653212262285e-01 8.119625641338168442e-01 6.297108770735814209e-01 5.752557129642658085e-01 7.833169019574193204e-01 4.662655231225682484e-01 3.708231981841265679e-01 4.862291785516682507e-01 2.057639772016264246e-01 5.130278509116553698e-01 2.610272128367646105e-01 2.980781238077533923e-01
5.213772491192261160e-01 3.055361354790037121e-01 5.989931983673363325e-01 3.031499320091137206e-01 3.059731996084379402e-01 6.549583341794673608e-01 2.578899688839594306e-01 3.694075015736234535e-01 5.363869831768066643e-01 4.986278876181176045e-01 6.862670189478888849e-01 4.494365752102273959e-01 5.812923053186422884e-01
2.755206877027178702e-01 3.719212640987622498e-01 2.580487197198668148e-01 2.403717845163212963e-01 4.776323292702289725e-01 3.456806552810878785e-01 5.765283386081705430e-01 5.953411861199555677e-01 5.283280568076185180e-01 6.862640541621102264e-01 6.753340095797852882e-01 7.805131004309865395e-01 7.718658223278300756e-01
