1.978690944708339731e-03 4.420843209421498410e-04 3.641363143425949611e-04 2.122541789357800402e-03 1.355567565396487996e-04 1.086663500864408136e-04 3.876059174718729018e-05 1.871802833122964381e-03 1.960024391775175550e-03 3.823572645507452520e-03 1.705061401807610091e-03 1.116859720317841501e-04 4.047246770730474996e-04
8.284790411592398828e-05 2.697285395519702036e-05 1.183116789869602362e-05 1.580535822217510485e-04 8.022740320353037412e-06 3.510256749799008509e-06 2.517001262026094039e-06 1.547940714612867940e-04 1.195898576578643344e-04 1.973056512430914863e-04 6.022720394922149550e-05 6.178252780192043562e-06 1.862311922709518111e-05
2.046553345572532396e-03 5.924784106242793856e-04 3.215755365393162279e-04 3.209233290090126971e-03 1.790056273180773785e-04 7.743046068152944562e-05 5.439652644242190120e-05 3.000351515492917075e-03 2.299737479811884283e-03 4.413990911449009596e-03 1.569408835109002785e-03 1.389178700580329291e-04 4.444076388446351403e-04
2.229049907164954141e-03 6.696655041534836693e-04 3.359626464238087747e-04 3.808861378551957767e-03 1.990500117681890844e-04 7.299277653333081006e-05 6.068586611799926692e-05 3.421379700068327961e-03 2.502000712346430424e-03 4.608332924540005891e-03 1.493219894914469409e-03 1.485408226350922725e-04 4.554948955484620747e-04
5.071625288055085036e-05 1.411303788345072710e-05 8.076406725562235080e-06 8.558463736942775670e-05 4.026655536823841595e-06 1.852142700732786957e-06 1.190586751946952966e-06 6.550724184058944637e-05 4.494796209886097610e-05 7.553548775403220571e-05 2.074621357394595421e-05 2.643559506884680435e-06 7.470625237239842522e-06
1.805484372328927342e-04 5.731207046903368738e-05 2.639792223240375720e-05 3.496546270975078971e-04 1.669151040352453947e-05 8.278002917675254325e-06 5.211911671552353264e-06 3.264730628947329089e-04 2.510279542485232651e-04 3.867979802050261723e-04 1.077716032414125467e-04 1.228947745720236940e-05 3.560059599997155496e-05
1.795651026525207266e-03 1.293621482151698727e-04 5.253009211618023559e-04 1.532106935843481578e-03 5.234790217326525769e-05 2.899384413084659545e-04 2.995110480485054676e-05 3.998280602170257124e-03 4.926514739947559715e-03 6.042842704014129637e-03 2.695367383500315000e-03 1.340111266156469643e-04 5.315698424513552777e-04
1.958943228615337481e-03 1.490979765733157841e-04 5.252239406560861275e-04 1.413709666946155611e-03 5.303302190415211539e-05 2.679781249653789615e-04 2.482153985720852630e-05 3.347472714055746597e-03 4.349865164705656734e-03 5.362025182443609130e-03 2.503403805962871060e-03 1.180933210189880533e-04 4.850562723664587450e-04
6.000293404978005254e-05 9.782866399519189426e-06 2.191446172780480133e-05 1.022630065329255473e-04 3.670304509215820588e-06 1.430837920006379600e-05 1.979076969394380261e-06 2.343547290690016624e-04 2.642969177244781898e-04 3.251775397338655727e-04 1.324810589477725742e-04 7.460360359651438277e-06 2.750751810700136223e-05
1.046913857808137900e-03 2.543808583446877125e-04 4.414970242466918445e-04 2.196769468443774548e-03 1.003038801976771329e-04 3.066823550457923155e-04 4.884761124666434236e-05 5.342053342715542830e-03 5.894955143484351470e-03 7.477057727346814349e-03 2.988350380309143413e-03 1.763265789946528734e-04 6.397029841704898094e-04
1.447949848175429871e-03 1.559389915898517836e-04 4.851632222344603703e-04 1.609185465768100693e-03 6.900995088969593837e-05 2.948842440555849635e-04 3.772630249862561971e-05 4.554534500067345879e-03 5.320828889917107556e-03 6.659659941209821084e-03 2.823391340005629302e-03 1.521753878204592310e-04 5.785993764329739383e-04
9.302345899119287111e-04 2.315481151338452334e-04 3.934025045970553276e-04 1.640625752242121180e-03 9.808583567189051264e-05 2.696716592319968724e-04 4.540886257780225199e-05 4.749676335757688564e-03 5.261048081929880355e-03 6.885061128724295591e-03 2.782680057533316268e-03 1.648242803475356247e-04 6.019488124210358717e-04
5.709410100587730631e-05 6.072040276559735085e-06 1.854618550660614454e-05 7.657612907427422484e-05 2.098087922284798201e-06 1.124197076473493273e-05 1.309548306166955084e-06 1.705212607086686047e-04 1.987761764769829928e-04 2.390258080518950588e-04 1.008154087303702174e-04 5.326222210894857090e-06 2.022039584831989868e-05
6.475447185449199948e-05 7.710162477473286052e-06 1.826647744378919326e-05 8.867378466416108948e-05 1.473276192435446693e-06 1.026417566381271820e-05 9.340756659845129673e-07 1.431672418440929628e-04 1.702871301191485334e-04 1.895566183637443364e-04 8.193191723815654770e-05 3.966951212261326537e-06 1.538510535407483878e-05
2.082117069094699662e-03 1.606504944594640705e-04 6.030365496204410014e-04 2.256668902708933513e-03 4.273372471214772713e-05 3.345382396497032407e-04 3.061051953592131654e-05 4.562668241503732569e-03 5.584687108245289973e-03 6.535361718700577298e-03 2.901711669445669866e-03 1.402840899092375128e-04 5.570065185121434587e-04
2.335412119795501895e-03 1.973386773811912050e-04 6.073727115219444564e-04 2.136156265896142509e-03 4.453781105710922708e-05 3.030651290501000191e-04 2.168719424567014774e-05 3.555401658261226477e-03 4.703631646509056144e-03 5.421040750407430005e-03 2.594588041116932010e-03 1.129783743893138232e-04 4.782423557378687748e-04
4.882947495290803491e-03 1.129735745223824257e-03 9.034997758799002488e-04 7.723570371103456907e-03 2.936168034539094851e-04 3.131035316351406012e-04 8.096878578126927740e-05 4.855431059349764149e-03 3.973352194639505341e-03 3.193749947020632987e-03 4.285770222748419372e-04 1.329234542376903907e-04 2.374718190132064607e-04
6.576315080911882829e-05 1.562930673598166204e-05 1.209339518430546170e-05 1.073938463299558172e-04 4.076217079982492838e-06 4.330106748135248897e-06 1.150295296073192653e-06 7.257564207662048458e-05 6.000679223729022316e-05 5.275563756687707244e-05 6.369645786009741552e-06 1.966083912431742212e-06 3.739865740281114349e-06
4.514531673581674391e-03 1.023836862196507956e-03 8.365078521911672484e-04 6.926477382518692397e-03 2.663957608304805399e-04 2.784440886571154820e-04 7.193052614396618831e-05 4.021119980840474027e-03 3.202927398641335164e-03 2.396017783965451002e-03 5.024227066554153714e-04 1.158587897751975663e-04 2.108987375768446517e-04
1.399902026017827014e-04 3.473247516190989880e-05 2.461272930488229773e-05 2.291445775659492229e-04 9.322676609389235223e-06 7.729272811056492437e-06 2.644893649330118403e-06 1.518744994133250966e-04 1.111551046279057067e-04 1.217621439419272564e-04 1.556634473854578125e-05 4.903031488342724971e-06 1.102501808530975631e-05
4.139895776247864046e-04 1.020667186274250857e-04 7.386341984530734488e-05 6.858919954337262207e-04 2.712066460695269432e-05 2.493104262591469878e-05 7.734252265901511313e-06 4.685974015918156418e-04 3.635541657945089091e-04 3.652711491492124235e-04 3.964096307270586675e-05 1.402774936159583281e-05 2.986791622969448088e-05
4.558399558332734518e-03 1.086222733049310675e-03 8.247984125206184267e-04 7.299891190808494197e-03 2.865307300409482760e-04 2.729186433028729175e-04 7.988334419796215894e-05 4.645566697260597629e-03 3.577265084468591455e-03 3.289167295267615004e-03 3.514753272309603378e-04 1.386851651411132589e-04 2.795735698607535033e-04
3.767573160371101137e-03 7.848051933657255227e-04 7.157089493534977368e-04 5.189810388232261006e-03 2.034828794555960225e-04 2.281092538501525624e-04 5.088133183371927154e-05 2.148561759707016267e-03 1.860556056667553434e-03 1.187537006502146272e-03 9.746106338375989378e-04 7.886458499312488707e-05 1.952687085149748677e-04
3.912965741439027381e-03 7.787861027908294037e-04 7.638792749236694105e-04 5.288854081477183458e-03 1.972756843853957511e-04 2.597123561658044194e-04 4.781053062529936042e-05 2.180396026166813318e-03 2.349605353255229158e-03 1.053885906223901757e-03 1.157911779721857142e-03 6.628774023263148173e-05 1.671588362995402944e-04
3.817798338566672812e-03 8.427967455262562208e-04 7.049327176093458805e-04 5.516754463287754096e-03 2.220374216351679033e-04 2.150350769537122592e-04 5.798622330499468390e-05 2.655885132817912674e-03 1.886346816920425737e-03 1.649637629727438619e-03 7.503394930744183584e-04 9.670376531233019059e-05 2.238069065626773358e-04
4.142586060686877583e-03 8.872024787246798189e-04 7.832124952413131638e-04 5.971839850134517957e-03 2.288581577244800118e-04 2.568804600906173180e-04 5.890437517620115873e-05 2.924604414741970720e-03 2.451984455524926308e-03 1.388439354355024483e-03 8.094353572578207165e-04 8.882822423105659845e-05 1.737615533908051910e-04
4.350927793447166569e-03 9.635846209217585308e-04 8.127054256120820825e-04 6.503077677692078139e-03 2.498283364650704936e-04 2.678603683238676893e-04 6.614077370023651475e-05 3.524759887486879698e-03 2.834749030438103549e-03 1.885958567187058033e-03 6.224488126573575865e-04 1.034326273396134525e-04 1.895558114279287246e-04
1.623797641526158230e-05 8.328250182632942271e-06 2.424486058051358011e-06 4.898149366356779221e-05 2.663901913419882360e-06 2.621404054266535113e-06 9.433881861234427335e-07 7.256934729509955523e-05 6.715525046890838021e-05 9.717909795519436998e-05 3.328371057228608976e-05 2.658925845900974245e-06 8.619430939723630102e-06
6.150129606617799559e-05 2.444706364688052267e-05 8.701316641463375021e-06 1.322901688651861797e-04 7.768203444235324186e-06 5.254597102644744881e-06 2.598250494451068292e-06 1.778279248138504767e-04 1.566266242394307232e-04 2.505600631014517844e-04 8.712451042837552533e-05 7.174692196051980040e-06 2.331465378643063030e-05
1.123152632781457532e-03 3.708611779697087931e-04 2.522587473663289760e-04 1.528872560216437389e-03 1.301341053839638281e-04 1.540688431086406174e-04 4.587804011483099587e-05 3.474100434965197472e-03 3.556454416212502523e-03 5.500392883638586562e-03 2.181412375326049514e-03 1.462699693989012175e-04 5.174346464876465037e-04
1.008540871912680555e-03 4.615574726830150971e-04 1.974203243111364485e-04 2.333146660907346997e-03 1.554078977961529978e-04 1.513887547919410474e-04 5.474695076040399363e-05 4.085314490612730609e-03 3.899394541131942244e-03 5.991709550626670572e-03 2.213299418435330825e-03 1.632190337735428109e-04 5.524895497246806817e-04
5.108546079773017886e-04 3.681677842749918740e-04 2.966122358022865767e-04 2.302213350975370297e-03 1.354393700294291645e-04 2.497113967174320256e-04 5.559632012323916336e-05 5.150288133655018738e-03 5.343311183384599934e-03 7.235097115678960564e-03 2.748991409597484510e-03 1.814248315142190956e-04 6.321236153721327593e-04
2.316565368525122531e-05 1.637908108241098822e-05 7.451328493584790745e-06 9.330049405091727396e-05 5.622239826842546619e-06 7.376350896955612381e-06 2.116984026244446179e-06 1.760880641084874246e-04 1.734226434762567968e-04 2.463667960589444907e-04 9.009042237258304837e-05 6.460736070202677633e-06 2.186902354013506492e-05
5.749041260987515544e-04 3.965272300898188681e-04 2.477517962618559235e-04 2.223173064112134167e-03 1.421861693683965425e-04 2.164751261838528530e-04 5.532566399248316474e-05 4.793504523162381119e-03 4.865914807458136641e-03 6.834185334041503225e-03 2.573173388340556974e-03 1.757316099956328240e-04 6.070208267631616202e-04
2.604622563377420832e-05 1.161678744711597510e-05 1.346796126763612667e-05 8.127051851000305371e-05 4.463251284660601842e-06 1.025816083611490268e-05 1.958320915766588229e-06 1.949164118990087181e-04 2.083504389281348821e-04 2.739928233415310499e-04 1.066346141504204430e-04 6.682599299596874765e-06 2.372179111480352784e-05
7.530966471510559704e-05 4.333626298644418557e-05 4.040577697255452895e-05 3.211891939036765260e-04 1.522494731621077634e-05 3.313521194387094871e-05 6.568240877004435074e-06 6.496826838405781899e-04 6.797203001091863938e-04 8.778733515740332755e-04 3.309589312211206258e-04 2.148427256397627150e-05 7.455921987392625139e-05
6.109458067239919698e-05 5.146702452122456947e-05 3.482641968232819818e-05 3.488339131166766707e-04 1.774650776243604604e-05 3.189575598912431389e-05 7.233992864841600138e-06 6.721008516436403945e-04 6.850523612854285621e-04 9.078387135593733769e-04 3.346326364481308686e-04 2.279653007283330678e-05 7.781456362542706214e-05
2.140792967599579755e-03 3.582687054016815849e-04 4.522819750269957894e-04 1.808175316746926621e-03 1.064083137509726733e-04 1.718556422265795345e-04 2.774206074639217924e-05 1.635511351171339920e-03 2.462358424060839390e-03 3.711609143165298889e-03 1.882103969418323381e-03 9.515976833052508586e-05 3.883647295083967623e-04
7.931683844316360940e-05 1.059810632668670876e-05 1.926303026833485092e-05 9.888998222191431188e-05 1.989378774278619037e-06 9.293077208719127929e-06 6.181469529249425291e-07 1.053012466204124466e-04 1.354197448585229906e-04 1.328305179659919973e-04 6.512630534393745773e-05 2.437409746337686352e-06 1.057434079306940226e-05
3.578881010986214011e-03 5.178616783336021734e-04 8.103093621953110122e-04 4.233290116074261977e-03 1.093231780022981328e-04 3.516957417529600655e-04 2.230320997964394585e-05 3.211256571844078606e-03 4.576891733289289131e-03 4.073685094145616283e-03 2.335591603500031341e-03 6.770727902734436884e-05 3.430126426442311940e-04
3.178662935486916731e-03 3.878527449338255617e-04 7.698203267697558382e-04 3.623951964109961826e-03 7.231836275848886435e-05 3.633748107047202820e-04 2.041732940124569502e-05 3.875860696082101750e-03 5.209912113681589019e-03 5.228865375911343795e-03 2.654435045221063133e-03 9.639079806671090544e-05 4.355615566392754710e-04
3.211016012487611336e-03 5.920744118959179233e-04 6.392197364774360093e-04 3.856373012417188550e-03 1.523245239852888476e-04 2.144652176454892511e-04 3.426004253891364927e-05 9.782265688124765126e-04 1.829279132652549596e-03 1.751495077966466231e-03 1.440023457578745421e-03 6.034751402367135497e-05 2.499447274571778743e-04
3.041199478001056344e-03 5.406460191408869959e-04 6.136510048440706709e-04 3.481795862357699774e-03 1.396681449687165203e-04 2.099392874270980969e-04 3.059235634708991900e-05 8.585206912203680388e-04 1.941623646514502050e-03 2.102013411430892192e-03 1.544952480133314010e-03 6.137241314066051146e-05 2.729488525376972470e-04
2.432023993604528252e-03 4.974459833614312430e-04 4.578680310902664302e-04 2.730897755953119472e-03 1.422841374954217949e-04 1.305654077440761545e-04 3.670203992967340705e-05 1.163977727174071025e-03 1.416189358277914053e-03 2.965712240213743984e-03 1.515813597675063056e-03 9.365709968139672382e-05 3.457214799807411935e-04
2.739286279021377248e-03 5.463609619191342644e-04 5.213196646904085223e-04 3.222656959276337142e-03 1.502034489636359471e-04 1.530219230098682818e-04 3.693267924817081663e-05 9.244031121845573988e-04 1.242585229184342988e-03 2.418320730585629165e-03 1.407029464664136774e-03 8.304778450455901819e-05 3.071934699010815716e-04
2.648393835992462943e-03 4.887407271840829006e-04 5.235698084866025233e-04 2.872203166549565628e-03 1.338222581034075368e-04 1.688760921292993750e-04 3.159576710432655073e-05 8.420016301607077857e-04 1.666039120081978884e-03 2.634402919191834291e-03 1.564910606479434901e-03 7.860813544907314444e-05 3.179832598178162768e-04
4.616254341989697169e-03 9.682177248049149291e-04 8.925940235313537582e-04 6.725857827648715204e-03 2.443635627515470675e-04 3.153923713085817057e-04 6.284081020340684821e-05 3.582409845824063941e-03 3.383190081033686167e-03 1.738871030318113811e-03 9.533521981154880745e-04 8.603118475790056481e-05 1.228934157407834916e-04
4.819523039914066012e-03 9.690348090061991822e-04 9.577479021170521786e-04 6.914914738465601472e-03 2.386981882486603908e-04 3.570329478670427963e-04 6.020425584075452132e-05 3.806103217059290597e-03 4.005444825111408383e-03 2.072582432937405874e-03 1.291929947178115275e-03 7.340939650029659974e-05 9.540549693216411793e-05
4.810392857201375993e-03 1.049512904572712582e-03 9.154375368391167367e-04 7.258725057505194776e-03 2.677196899609996590e-04 3.220045245574903016e-04 7.103643487882511877e-05 4.168236269502204917e-03 3.676225940380449704e-03 2.290040083183160578e-03 7.407683549776508366e-04 1.047124617956558969e-04 1.543380365909682232e-04
7.648714832545963627e-05 1.628437322674988204e-05 1.494410192400770925e-05 1.161274604662908781e-04 4.063408691037539869e-06 5.643488764084880062e-06 1.082215117136144963e-06 7.181394068957861246e-05 6.899423195254683421e-05 4.428166366577619613e-05 1.591248634236778881e-05 1.488131154070564120e-06 1.781383335303324624e-06
4.297477035490488220e-03 8.543495602804795789e-04 8.476387634836631772e-04 5.959466124038751561e-03 2.128437642736822320e-04 3.017709247648835179e-04 5.215492564395919633e-05 2.840373323442505187e-03 3.052446144916090738e-03 1.251383780430870545e-03 1.196902682524587751e-03 6.563224562068858080e-05 1.244924845125998543e-04
2.812163475086915457e-03 6.436237203086898244e-04 4.982649971081632876e-04 3.798591157743863144e-03 1.800259235477385546e-04 1.211249884761418416e-04 4.807993663203915169e-05 1.776420871697873731e-03 1.020625209037342388e-03 2.646979516329014091e-03 1.160829073769358835e-03 1.032865160210432647e-04 3.230383405667489483e-04
3.029626643948109353e-03 6.299160047334631920e-04 5.662477285735210411e-04 3.863139535735035570e-03 1.703266150957984278e-04 1.615012462281446555e-04 4.247512976151578460e-05 1.217589767647336363e-03 9.753649611842226492e-04 1.971027280645617618e-03 1.202074103198774854e-03 8.350150656856643056e-05 2.766370966500333417e-04
3.352595284148805494e-03 7.663488276895695809e-04 6.007467409862078146e-04 4.813490839317585181e-03 2.076010456348696286e-04 1.620335909887586482e-04 5.516296377677077723e-05 2.324985172985612712e-03 1.312831287623044503e-03 2.144693939861963029e-03 8.635050292913617424e-04 1.034047186487355738e-04 2.777711366983037799e-04
3.193826147012048672e-03 6.928718622905609631e-04 5.858547175910711101e-04 4.307386502008558708e-03 1.871178984998523914e-04 1.624137828380041698e-04 4.797132140501437049e-05 1.676187296566844856e-03 1.008607462306116255e-03 1.910956944115641031e-03 1.039112340667198032e-03 9.052869537189009918e-05 2.694993720893840193e-04
3.332125439253466083e-03 6.874750588304176426e-04 6.292647204802969893e-04 4.381807401184520216e-03 1.817736295770616087e-04 1.896282424691068393e-04 4.489981379090036067e-05 1.482612835706367078e-03 1.249053879907687263e-03 1.535863066031939190e-03 1.107809352558367880e-03 7.858355800919188908e-05 2.417100286022474845e-04
7.367081670046856962e-05 1.376451099181882405e-05 1.556485869053991289e-05 1.059417531097339254e-04 3.182511963853539756e-06 6.559981686172484426e-06 8.149792258484347376e-07 7.296972406247151843e-05 8.446015293214153392e-05 5.952062030888338696e-05 3.059196784079709500e-05 9.506028999934101764e-07 3.026922342886758079e-06
8.512114135179042100e-05 1.646829894707562653e-05 1.779972416181736466e-05 1.259012695545019692e-04 3.857375348398561666e-06 7.512179717935617193e-06 1.017109507355430740e-06 8.837734870431476980e-05 9.831216613360358153e-05 7.002582200209587441e-05 3.278739196415570898e-05 1.214192070031410086e-06 3.163056310726636912e-06
3.351653210059847565e-03 5.493520497566922777e-04 7.078278893753851440e-04 3.889284365268312355e-03 1.320897440274926944e-04 2.697803704876632893e-04 2.658923234111539786e-05 1.680359221912529344e-03 2.950959353530229357e-03 2.476713611121049777e-03 1.789785923607975157e-03 4.957150853595626187e-05 2.669340402355057664e-04
8.537039767697468268e-04 3.177732926745681558e-04 2.808263530843204325e-04 1.391571992869130312e-03 1.199666167495515995e-04 1.952421897827467945e-04 4.625453722479499233e-05 3.980794686680077556e-03 4.213229809291465199e-03 6.069116212899739772e-03 2.411756895864054524e-03 1.549064458108073618e-04 5.537171008375840623e-04
1.135565568229856669e-03 2.249268728440763344e-04 3.668924107055547535e-04 9.340311425999140707e-04 9.302596810588493841e-05 2.236579956722749513e-04 3.885052789516165475e-05 3.791455887656986542e-03 4.319734492233858261e-03 5.923902368037659363e-03 2.486673994043782192e-03 1.441322715647622632e-04 5.382878020518510730e-04
1.436223308420242614e-03 2.905893928081196417e-04 3.414408439440057004e-04 9.100352582506020119e-04 1.040941372757356022e-04 1.707290632232555134e-04 3.594474305688140581e-05 2.845902313301585176e-03 3.292094147348731924e-03 4.965506594319403326e-03 2.156282442743287595e-03 1.268079966552834433e-04 4.770645840132091290e-04
1.639142995201146868e-03 1.731262849666481880e-04 4.530366911822162018e-04 9.273814360066072460e-04 6.966446121827468848e-05 2.391813298044321223e-04 2.964637423215957100e-05 3.306962644387858707e-03 4.124112923833098653e-03 5.408838730822432966e-03 2.438779940095774958e-03 1.254269943777813572e-04 4.963428078955773540e-04
1.700390930901118968e-03 2.998502569490797405e-04 3.802015676282543373e-04 1.090831959955135787e-03 1.010449743523174603e-04 1.676884567715229062e-04 3.195611321137564840e-05 2.371000909379970042e-03 2.949157842597564198e-03 4.496404406896768735e-03 2.054440618757600538e-03 1.146783723410852937e-04 4.440116346723905582e-04
1.625001857263016916e-03 3.963493157616484867e-04 3.058384216945429540e-04 1.671534532672559184e-03 1.291608024147605489e-04 1.205011424966135388e-04 4.028867141965848930e-05 2.473130092220057578e-03 2.587207152924284135e-03 4.486256431473390101e-03 1.899118969032526734e-03 1.243822970304373312e-04 4.492282834033609214e-04
1.492510933675137374e-04 2.627205592554183479e-05 3.139432729767181198e-05 1.961723203492345710e-04 6.122985411453368655e-06 1.247651916435787349e-05 1.388667668306462202e-06 1.098045296223010471e-04 1.450517200796604133e-04 9.260280684335141363e-05 6.500594696600935627e-05 1.636997343850211178e-06 6.899054038336548289e-06
3.813785563744818714e-03 6.918445954920680353e-04 7.776554423967454652e-04 4.863616272527084526e-03 1.689047436091674001e-04 2.846376309705850988e-04 3.775295325890268863e-05 1.980957305415981338e-03 2.866299197015327333e-03 1.538509135745034975e-03 1.533106973381027915e-03 4.735681810953623014e-05 1.906814653157606399e-04
2.545857732688334377e-03 3.451750937081795906e-04 5.736844791186997703e-04 2.341399832867618273e-03 8.983887281159454034e-05 2.379953607019428565e-04 2.088103764570351564e-05 1.973394578605572585e-03 3.161977205376170341e-03 3.728269500185665657e-03 2.050806307066545438e-03 8.153895493384315913e-05 3.718544223876789996e-04
1.345353051918785764e-03 4.201727464612018932e-04 2.471456199556936535e-04 1.856528392939523885e-03 1.402408777465698165e-04 1.256116426770489763e-04 4.668079954559603833e-05 3.180344373368344368e-03 3.114470195925163939e-03 5.131235949173158090e-03 2.018134644363450171e-03 1.416044577403325168e-04 4.937648699223219466e-04
