3.382564987987279892e-03
3.271590219810605049e-03
3.063731361180543900e-03
2.826884388923645020e-03
3.154280828312039375e-03
3.541300538927316666e-03
3.165221773087978363e-03
3.394328057765960693e-03
3.397162538021802902e-03
2.821248956024646759e-03
2.960763406008481979e-03
2.789992606267333031e-03
2.976600080728530884e-03
3.599446732550859451e-03
3.236538497731089592e-03
2.980458317324519157e-03
3.000538097694516182e-03
3.273603273555636406e-03
4.417485091835260391e-03
3.082486568018794060e-03
3.343022894114255905e-03
3.473604330793023109e-03
3.665556898340582848e-03
3.661588067188858986e-03
3.494878998026251793e-03
3.279777942225337029e-03
3.423924325034022331e-03
3.447754308581352234e-03
3.068189835175871849e-03
3.048814367502927780e-03
3.568779909983277321e-03
3.115619998425245285e-03
2.812962746247649193e-03
3.697827924042940140e-03
2.943766769021749496e-03
3.201865358278155327e-03
3.364075440913438797e-03
2.660705009475350380e-03
3.661342896521091461e-03
3.515997203066945076e-03
3.156595863401889801e-03
3.788003930822014809e-03
2.180060604587197304e-03
3.325311932712793350e-03
3.376120468601584435e-03
3.284167032688856125e-03
3.869665320962667465e-03
2.992091700434684753e-03
3.036549547687172890e-03
3.245969302952289581e-03
2.932599978521466255e-03
3.388399723917245865e-03
3.546108724549412727e-03
2.860051114112138748e-03
3.993151709437370300e-03
3.785520326346158981e-03
3.624409437179565430e-03
3.764500841498374939e-03
3.303492907434701920e-03
3.626600839197635651e-03
2.940835664048790932e-03
3.279332304373383522e-03
2.453298773616552353e-03
2.546854084357619286e-03
2.755017485469579697e-03
3.646024968475103378e-03
3.504651598632335663e-03
3.964071162045001984e-03
2.745483070611953735e-03
2.943574683740735054e-03
3.738166997209191322e-03
3.640969516709446907e-03
4.079421050846576691e-03
2.697259187698364258e-03
3.046101424843072891e-03
3.257649485021829605e-03
3.605756675824522972e-03
3.633618820458650589e-03
3.110542893409729004e-03
3.285023383796215057e-03
2.610317198559641838e-03
3.022171091288328171e-03
3.460470121353864670e-03
4.151036031544208527e-03
3.417397849261760712e-03
3.023036057129502296e-03
3.504031104966998100e-03
2.652172464877367020e-03
4.069242626428604126e-03
3.210778115317225456e-03
3.797225421294569969e-03
3.266420215368270874e-03
2.636529738083481789e-03
3.299181349575519562e-03
3.062609583139419556e-03
3.588271094486117363e-03
2.798235509544610977e-03
2.635809825733304024e-03
2.784859156236052513e-03
3.219871781766414642e-03
3.046215511858463287e-03
3.443554043769836426e-03
2.777377143502235413e-03
2.839335473254323006e-03
3.382738446816802025e-03
3.246914362534880638e-03
4.544273484498262405e-03
3.211925039067864418e-03
3.080078167840838432e-03
2.942435443401336670e-03
3.300006035715341568e-03
3.002229146659374237e-03
3.974793478846549988e-03
3.793165087699890137e-03
3.203361295163631439e-03
2.797264372929930687e-03
4.064938053488731384e-03
3.857869189232587814e-03
2.648274879902601242e-03
2.777389483526349068e-03
2.990412293002009392e-03
3.963474184274673462e-03
3.245599335059523582e-03
3.022650256752967834e-03
2.991409273818135262e-03
3.393355291336774826e-03
3.678480628877878189e-03
3.168148919939994812e-03
2.468553837388753891e-03
3.798624500632286072e-03
3.404681337997317314e-03
4.007312469184398651e-03
2.506578341126441956e-03
2.348423702642321587e-03
3.394455881789326668e-03
3.808398265391588211e-03
3.049740567803382874e-03
3.062907839193940163e-03
2.778679830953478813e-03
3.419759450480341911e-03
3.355410415679216385e-03
2.957979217171669006e-03
2.859263215214014053e-03
4.133815411478281021e-03
3.552724141627550125e-03
3.584509715437889099e-03
3.160298569127917290e-03
3.594040172174572945e-03
3.973934333771467209e-03
3.149769036099314690e-03
3.744097892194986343e-03
3.142551751807332039e-03
3.214907599613070488e-03
2.774809487164020538e-03
3.505349159240722656e-03
3.629769198596477509e-03
2.700940240174531937e-03
3.475650679320096970e-03
2.712933113798499107e-03
2.420948352664709091e-03
2.900433028116822243e-03
2.951052039861679077e-03
3.179326653480529785e-03
3.697697073221206665e-03
2.936088945716619492e-03
3.084581810981035233e-03
2.963610226288437843e-03
2.885612426325678825e-03
3.322149626910686493e-03
3.613818204030394554e-03
2.874065190553665161e-03
3.727983916178345680e-03
3.890124615281820297e-03
2.619467210024595261e-03
2.882913220673799515e-03
3.131451783701777458e-03
3.047240199521183968e-03
3.492782823741436005e-03
3.014675574377179146e-03
3.325181081891059875e-03
3.195348195731639862e-03
2.897423459216952324e-03
2.997779287397861481e-03
3.600125666707754135e-03
3.817857010290026665e-03
4.359986167401075363e-03
3.142019268125295639e-03
3.366714809089899063e-03
2.710664412006735802e-03
3.249203087761998177e-03
3.633169224485754967e-03
3.853309666737914085e-03
4.177855327725410461e-03
3.333285683766007423e-03
3.724235342815518379e-03
3.330037463456392288e-03
3.442739602178335190e-03
3.958202432841062546e-03
2.644970081746578217e-03
3.207955742254853249e-03
3.432585159316658974e-03
3.104759845882654190e-03
3.149571595713496208e-03
2.798822242766618729e-03
3.207088448107242584e-03
3.455084748566150665e-03
2.968976274132728577e-03
3.196768462657928467e-03
3.113519167527556419e-03
2.956246957182884216e-03
3.574099624529480934e-03
3.496084362268447876e-03
4.312961362302303314e-03
3.042068099603056908e-03
3.800026606768369675e-03
3.741147462278604507e-03
2.913648728281259537e-03
3.505950095131993294e-03
3.105858573690056801e-03
3.413458587601780891e-03
3.810320748016238213e-03
3.818469820544123650e-03
3.378703724592924118e-03
3.340391907840967178e-03
3.455015132203698158e-03
3.077085129916667938e-03
3.152213292196393013e-03
3.607410006225109100e-03
3.549324115738272667e-03
3.254526760429143906e-03
3.175133140757679939e-03
3.489624476060271263e-03
3.333402797579765320e-03
3.690664889290928841e-03
4.793837666511535645e-03
3.140632295981049538e-03
3.251591697335243225e-03
3.146160161122679710e-03
3.484793473035097122e-03
3.353726817294955254e-03
2.680355682969093323e-03
2.788627753034234047e-03
3.132946323603391647e-03
3.412126796320080757e-03
3.257799195125699043e-03
3.268189495429396629e-03
3.709515323862433434e-03
3.187941852957010269e-03
3.344616154208779335e-03
3.598275361582636833e-03
3.102603135630488396e-03
3.322525182738900185e-03
3.999810200184583664e-03
3.045019228011369705e-03
3.196731209754943848e-03
2.722699195146560669e-03
4.267106298357248306e-03
2.894506324082612991e-03
3.997630439698696136e-03
3.538932418450713158e-03
3.569456283003091812e-03
4.315821453928947449e-03
3.816297510638833046e-03
3.338712966069579124e-03
3.306400496512651443e-03
3.004865953698754311e-03
2.592670265585184097e-03
3.050105646252632141e-03
2.881184220314025879e-03
3.029229817911982536e-03
3.714821301400661469e-03
3.015654860064387321e-03
3.395192557945847511e-03
2.869954565539956093e-03
3.696988569572567940e-03
3.533216891810297966e-03
4.120527766644954681e-03
3.686147043481469154e-03
3.522019600495696068e-03
3.604614175856113434e-03
3.594923997297883034e-03
3.432232188060879707e-03
2.873981371521949768e-03
3.255517454817891121e-03
3.644981421530246735e-03
3.465687623247504234e-03
3.278261749073863029e-03
3.397947642952203751e-03
3.844224847853183746e-03
2.755411434918642044e-03
4.010620526969432831e-03
3.782083978876471519e-03
3.336360445246100426e-03
2.846466843038797379e-03
2.677887445315718651e-03
2.730462467297911644e-03
3.391359467059373856e-03
3.126363735646009445e-03
3.492495510727167130e-03
3.549077548086643219e-03
