3.091940190643072128e-03
3.670486388728022575e-03
3.836294403299689293e-03
3.171211574226617813e-03
3.259958466514945030e-03
3.157020546495914459e-03
3.097099717706441879e-03
4.094763658940792084e-03
3.568737301975488663e-03
2.969428896903991699e-03
3.459184430539608002e-03
3.392490558326244354e-03
3.616994712501764297e-03
2.858812222257256508e-03
2.875998616218566895e-03
2.795051084831357002e-03
3.300589974969625473e-03
3.521571867167949677e-03
3.777271602302789688e-03
2.938366960734128952e-03
3.087723860517144203e-03
3.305395366623997688e-03
3.534604096785187721e-03
3.488725982606410980e-03
3.458892460912466049e-03
3.730369731783866882e-03
3.345933975651860237e-03
3.606447484344244003e-03
2.895535901188850403e-03
3.130171913653612137e-03
2.795984270051121712e-03
3.678991924971342087e-03
3.933411557227373123e-03
3.248998662456870079e-03
3.470865311101078987e-03
2.855588914826512337e-03
3.527179593220353127e-03
2.804632764309644699e-03
2.893986878916621208e-03
3.091612830758094788e-03
3.443916328251361847e-03
2.898546168580651283e-03
3.018016694113612175e-03
2.996383700519800186e-03
3.229047870263457298e-03
2.918435959145426750e-03
4.006907343864440918e-03
3.403204958885908127e-03
3.491808194667100906e-03
3.406579373404383659e-03
3.044298384338617325e-03
3.527675289660692215e-03
4.209092818200588226e-03
3.784396685659885406e-03
3.667403478175401688e-03
3.100206609815359116e-03
2.936176722869277000e-03
3.335793502628803253e-03
3.729275893419981003e-03
2.923181978985667229e-03
3.071556333452463150e-03
2.700862474739551544e-03
3.840465098619461060e-03
3.465984715148806572e-03
3.056742949411273003e-03
3.719602013006806374e-03
3.388597397133708000e-03
3.254066919907927513e-03
3.476622980087995529e-03
3.810074180364608765e-03
3.059938782826066017e-03
2.985836705192923546e-03
3.638754598796367645e-03
2.434853464365005493e-03
3.703905967995524406e-03
3.576540388166904449e-03
3.449297742918133736e-03
3.523184219375252724e-03
3.908883314579725266e-03
3.290576161816716194e-03
3.439503954723477364e-03
3.214085940271615982e-03
3.655537264421582222e-03
3.732417244464159012e-03
2.774990629404783249e-03
3.003708552569150925e-03
3.314367262646555901e-03
3.851998597383499146e-03
3.378242487087845802e-03
3.067204728722572327e-03
3.294229973107576370e-03
3.552036592736840248e-03
3.161914413794875145e-03
3.558425232768058777e-03
3.394972532987594604e-03
3.032949287444353104e-03
3.758169710636138916e-03
2.984986174851655960e-03
2.606289926916360855e-03
3.260810859501361847e-03
3.561028977856040001e-03
3.281353740021586418e-03
3.025124780833721161e-03
3.278946038335561752e-03
3.124014474451541901e-03
2.767188008874654770e-03
3.273410256952047348e-03
3.260156838223338127e-03
3.649128600955009460e-03
3.511866321787238121e-03
3.731224918738007545e-03
2.819635439664125443e-03
3.682128153741359711e-03
3.239273792132735252e-03
3.509490750730037689e-03
3.190164221450686455e-03
3.723326139152050018e-03
3.363012103363871574e-03
3.686475334689021111e-03
2.701726974919438362e-03
3.149081254377961159e-03
3.241254948079586029e-03
3.489483147859573364e-03
2.668636851012706757e-03
3.590787760913372040e-03
3.282638266682624817e-03
3.100968664512038231e-03
3.984227776527404785e-03
3.745039924979209900e-03
3.027617000043392181e-03
3.314856206998229027e-03
3.181993262842297554e-03
3.293691435828804970e-03
3.282538615167140961e-03
3.589811502024531364e-03
3.515039570629596710e-03
4.047504626214504242e-03
3.265766194090247154e-03
3.766315989196300507e-03
3.500300925225019455e-03
3.604125697165727615e-03
3.289574291557073593e-03
3.874760353937745094e-03
3.300919895991683006e-03
3.981565590947866440e-03
2.614177996292710304e-03
3.176589962095022202e-03
3.254960756748914719e-03
3.731805831193923950e-03
2.981111174449324608e-03
2.658473327755928040e-03
2.971082460135221481e-03
3.130181226879358292e-03
3.843636950477957726e-03
3.296487964689731598e-03
3.874648362398147583e-03
3.037513699382543564e-03
2.969535999000072479e-03
3.620550036430358887e-03
3.172584576532244682e-03
3.226106287911534309e-03
3.400893881916999817e-03
3.271648427471518517e-03
2.845778828486800194e-03
3.194075543433427811e-03
3.402363043278455734e-03
3.458108985796570778e-03
2.740894211456179619e-03
3.322180826216936111e-03
3.239960875362157822e-03
3.604529891163110733e-03
3.516185097396373749e-03
3.878482617437839508e-03
3.192393342033028603e-03
3.242789302021265030e-03
3.338509239256381989e-03
3.798963967710733414e-03
3.682381473481655121e-03
2.789159771054983139e-03
3.306015860289335251e-03
3.667931305244565010e-03
2.941865706816315651e-03
3.395880106836557388e-03
3.542453283444046974e-03
3.583179553970694542e-03
3.378499997779726982e-03
3.275190014392137527e-03
3.342142095789313316e-03
3.017291892319917679e-03
3.755000652745366096e-03
2.993424655869603157e-03
3.196943784132599831e-03
3.816350363194942474e-03
2.631603274494409561e-03
3.695239080116152763e-03
3.280978184193372726e-03
3.248951863497495651e-03
3.023276338353753090e-03
3.478011814877390862e-03
3.067048732191324234e-03
2.612151904031634331e-03
3.382401540875434875e-03
3.351550549268722534e-03
2.565232804045081139e-03
3.075073007494211197e-03
3.735688515007495880e-03
3.476934041827917099e-03
3.697690553963184357e-03
3.039930015802383423e-03
3.109450219199061394e-03
3.298534778878092766e-03
2.952303970232605934e-03
3.511267947033047676e-03
3.858922747895121574e-03
3.915815614163875580e-03
3.492586314678192139e-03
3.330829320475459099e-03
3.561809659004211426e-03
3.170059993863105774e-03
3.933872561901807785e-03
3.814226249232888222e-03
3.853673115372657776e-03
3.345591016113758087e-03
3.240258898586034775e-03
2.816968597471714020e-03
3.032041480764746666e-03
3.045667195692658424e-03
2.769010607153177261e-03
2.997195348143577576e-03
3.248630324378609657e-03
2.854798687621951103e-03
3.520675934851169586e-03
3.293722169473767281e-03
3.436011262238025665e-03
2.868726151064038277e-03
3.364013042300939560e-03
3.920554649084806442e-03
3.353760112076997757e-03
3.082525450736284256e-03
3.448146162554621696e-03
3.431335790082812309e-03
3.142615780234336853e-03
3.616134636104106903e-03
3.097281791269779205e-03
3.300666110590100288e-03
2.790490398183465004e-03
2.911623334512114525e-03
3.392917336896061897e-03
3.281367477029561996e-03
3.349328879266977310e-03
3.525165840983390808e-03
3.261850448325276375e-03
3.280134871602058411e-03
3.346420591697096825e-03
3.403633832931518555e-03
3.339837538078427315e-03
3.057254012674093246e-03
3.638008376583456993e-03
3.150331554934382439e-03
3.215800970792770386e-03
3.946145996451377869e-03
3.797735553234815598e-03
3.156032180413603783e-03
3.896799869835376740e-03
2.747235121205449104e-03
3.577753435820341110e-03
3.206752007827162743e-03
3.537303069606423378e-03
3.474085358902812004e-03
3.907927777618169785e-03
3.613056847825646400e-03
3.059258218854665756e-03
2.954955678433179855e-03
3.471055300906300545e-03
2.974804257974028587e-03
2.989311702549457550e-03
2.776789013296365738e-03
3.274786984547972679e-03
3.082834417000412941e-03
3.036132548004388809e-03
3.348425030708312988e-03
4.263623617589473724e-03
3.352832980453968048e-03
3.702531335875391960e-03
3.286411985754966736e-03
4.247871693223714828e-03
3.510375972837209702e-03
3.314941423013806343e-03
3.379848785698413849e-03
3.164582652971148491e-03
3.685831790789961815e-03
3.171768970787525177e-03
3.437463194131851196e-03
3.420057706534862518e-03
2.996195107698440552e-03
3.337535541504621506e-03
3.355474676936864853e-03
3.470305586233735085e-03
3.827171865850687027e-03
2.950404770672321320e-03
