3.440777305513620377e-03
3.403666429221630096e-03
3.186434041708707809e-03
3.372448263689875603e-03
3.438110230490565300e-03
3.334097564220428467e-03
3.241051919758319855e-03
3.357722423970699310e-03
3.323683515191078186e-03
3.318079980090260506e-03
3.376146545633673668e-03
3.375064348801970482e-03
3.080670488998293877e-03
3.280951874330639839e-03
3.491923678666353226e-03
3.313174471259117126e-03
3.414188977330923080e-03
3.355098888278007507e-03
3.470909083262085915e-03
3.264135681092739105e-03
3.391501959413290024e-03
3.460828447714447975e-03
3.309156978502869606e-03
3.374336753040552139e-03
3.313866443932056427e-03
3.470433410257101059e-03
3.321896074339747429e-03
3.341154428198933601e-03
3.349725157022476196e-03
3.418561536818742752e-03
3.139289328828454018e-03
3.399389330297708511e-03
3.498407080769538879e-03
3.421161556616425514e-03
3.354837652295827866e-03
3.482391824945807457e-03
3.242985112592577934e-03
3.095837775617837906e-03
3.375807078555226326e-03
3.338637296110391617e-03
3.534727729856967926e-03
3.298401134088635445e-03
3.386435564607381821e-03
3.368258243426680565e-03
3.095186082646250725e-03
3.254519309848546982e-03
3.288652515038847923e-03
3.399834269657731056e-03
3.199928672984242439e-03
3.314414760097861290e-03
3.359022317454218864e-03
3.308024024590849876e-03
3.181193722411990166e-03
3.323492594063282013e-03
3.389270277693867683e-03
3.371124388650059700e-03
3.180557861924171448e-03
3.145158989354968071e-03
3.360770875588059425e-03
3.278117626905441284e-03
3.265951294451951981e-03
3.249580506235361099e-03
3.335173241794109344e-03
3.248693188652396202e-03
3.436130471527576447e-03
3.296928014606237411e-03
3.473157063126564026e-03
3.353750333189964294e-03
3.290548687800765038e-03
3.215309698134660721e-03
3.492528339847922325e-03
3.226181026548147202e-03
3.360725240781903267e-03
3.147225826978683472e-03
3.307505045086145401e-03
3.286377293989062309e-03
3.264419035986065865e-03
3.563378471881151199e-03
3.229190595448017120e-03
3.328748280182480812e-03
3.265702398493885994e-03
3.460298990830779076e-03
3.206645371392369270e-03
3.314099740236997604e-03
3.427917370572686195e-03
3.458230057731270790e-03
3.136068815365433693e-03
3.347940044477581978e-03
3.197592683136463165e-03
3.304021898657083511e-03
3.342432668432593346e-03
3.322700969874858856e-03
3.318776609376072884e-03
3.327545011416077614e-03
3.379259724169969559e-03
3.327121958136558533e-03
3.303062170743942261e-03
3.379502799361944199e-03
3.185423556715250015e-03
3.385724732652306557e-03
3.464244771748781204e-03
3.391981124877929688e-03
3.255641553550958633e-03
3.156624967232346535e-03
3.265165491029620171e-03
3.385453019291162491e-03
3.217901568859815598e-03
3.382056020200252533e-03
3.231222042813897133e-03
3.310321597382426262e-03
3.434136975556612015e-03
3.466985654085874557e-03
3.392162732779979706e-03
3.112326376140117645e-03
3.289882792159914970e-03
3.084150608628988266e-03
3.394340630620718002e-03
3.154522972181439400e-03
3.171263029798865318e-03
3.338415408506989479e-03
3.284322796389460564e-03
3.364380449056625366e-03
3.370408667251467705e-03
3.371621249243617058e-03
3.238509409129619598e-03
3.273339010775089264e-03
3.446493763476610184e-03
3.375529544427990913e-03
3.522266866639256477e-03
3.363399067893624306e-03
3.264781087636947632e-03
3.506712149828672409e-03
3.266209037974476814e-03
3.492352785542607307e-03
3.331154119223356247e-03
3.411900019273161888e-03
3.440631553530693054e-03
3.145770868286490440e-03
3.132678568363189697e-03
3.465484594926238060e-03
3.399221459403634071e-03
3.369053360074758530e-03
3.314052009955048561e-03
3.389163175597786903e-03
3.205749206244945526e-03
3.375516738742589951e-03
3.341226140037178993e-03
3.287574509158730507e-03
3.266546409577131271e-03
3.473434597253799438e-03
3.367655212059617043e-03
3.357938956469297409e-03
3.279183758422732353e-03
3.267324529588222504e-03
3.239330369979143143e-03
3.327320097014307976e-03
3.436129074543714523e-03
3.346568671986460686e-03
3.299549454823136330e-03
3.323933575302362442e-03
3.340191440656781197e-03
3.248900873586535454e-03
3.182933200150728226e-03
3.384423907846212387e-03
3.297672607004642487e-03
3.276529023423790932e-03
3.180519212037324905e-03
3.281702287495136261e-03
3.395193023607134819e-03
3.263874212279915810e-03
3.558246418833732605e-03
3.335804678499698639e-03
3.408842254430055618e-03
3.329368075355887413e-03
3.603772958740592003e-03
3.323704004287719727e-03
3.258841810747981071e-03
3.467336762696504593e-03
3.455313853919506073e-03
3.319272072985768318e-03
3.488811198621988297e-03
3.309963271021842957e-03
3.450620220974087715e-03
3.477440914139151573e-03
3.253734670579433441e-03
3.333080559968948364e-03
3.505853703245520592e-03
3.374770516529679298e-03
3.349807579070329666e-03
3.290858352556824684e-03
3.188386326655745506e-03
3.554612630978226662e-03
3.443211317062377930e-03
3.173768287524580956e-03
3.282234072685241699e-03
3.141132881864905357e-03
3.323847660794854164e-03
3.268151776865124702e-03
3.402768634259700775e-03
3.433574689552187920e-03
3.278429387137293816e-03
3.235985990613698959e-03
3.249461296945810318e-03
3.278644522652029991e-03
3.339691553264856339e-03
3.317636903375387192e-03
3.335142740979790688e-03
3.570186439901590347e-03
3.481624647974967957e-03
3.262196900323033333e-03
3.211654257029294968e-03
3.339356044307351112e-03
3.485870314761996269e-03
3.421783447265625000e-03
3.349841572344303131e-03
3.287320490926504135e-03
3.430606098845601082e-03
3.324825083836913109e-03
3.246424021199345589e-03
3.437493229284882545e-03
3.254262264817953110e-03
3.195468336343765259e-03
3.408975666388869286e-03
3.311862703412771225e-03
3.315249457955360413e-03
3.276039147749543190e-03
3.279295749962329865e-03
3.348890459164977074e-03
3.295746166259050369e-03
3.148496616631746292e-03
3.375383792445063591e-03
3.233209019526839256e-03
3.293390618637204170e-03
3.204777836799621582e-03
3.318691626191139221e-03
3.373349318280816078e-03
3.275298979133367538e-03
3.390049561858177185e-03
3.218277823179960251e-03
3.252292517572641373e-03
3.390399739146232605e-03
3.415925428271293640e-03
3.366892458871006966e-03
3.389887744560837746e-03
3.348954720422625542e-03
3.277061507105827332e-03
3.393206512555480003e-03
3.304420271888375282e-03
3.259326098486781120e-03
3.344339085742831230e-03
3.461405402049422264e-03
3.382168477401137352e-03
3.443004563450813293e-03
3.334308043122291565e-03
3.264439292252063751e-03
3.318494651466608047e-03
3.420792287215590477e-03
3.431198187172412872e-03
3.259702585637569427e-03
3.313707187771797180e-03
3.281997982412576675e-03
3.233889117836952209e-03
3.501270664855837822e-03
3.446778049692511559e-03
3.461589571088552475e-03
3.314477857202291489e-03
3.372776089236140251e-03
3.333441680297255516e-03
3.426032140851020813e-03
3.445413196459412575e-03
3.446665359660983086e-03
3.331549931317567825e-03
3.298181807622313499e-03
3.443283028900623322e-03
3.231322159990668297e-03
3.315404057502746582e-03
3.403250826522707939e-03
3.335051937028765678e-03
3.329537110403180122e-03
3.332813736051321030e-03
3.368118545040488243e-03
3.258753567934036255e-03
3.224477404728531837e-03
3.294003661721944809e-03
3.331196494400501251e-03
3.378944005817174911e-03
3.275765106081962585e-03
3.432736964896321297e-03
3.182162996381521225e-03
3.299012314528226852e-03
3.289453918114304543e-03
3.382008289918303490e-03
3.281535580754280090e-03
3.313226625323295593e-03
3.410173812881112099e-03
3.362654941156506538e-03
3.452905220910906792e-03
3.328922437503933907e-03
3.310449188575148582e-03
3.436472266912460327e-03
