1.490793307311832905e-03
1.227678847499191761e-03
1.042017596773803234e-03
1.194036216475069523e-03
1.147381612099707127e-03
1.560067641548812389e-03
1.430721138603985310e-03
1.480529550462961197e-03
1.688704360276460648e-03
1.633718609809875488e-03
1.300234114751219749e-03
1.553805894218385220e-03
1.323306001722812653e-03
1.296080648899078369e-03
1.247236272320151329e-03
9.961436735466122627e-04
1.625093747861683369e-03
1.481819315813481808e-03
2.074651420116424561e-03
1.115870894864201546e-03
1.218542340211570263e-03
1.572514069266617298e-03
1.656584441661834717e-03
1.663786591961979866e-03
1.275911577977240086e-03
1.588890561833977699e-03
1.425953232683241367e-03
1.341983675956726074e-03
1.283519552089273930e-03
1.428708084858953953e-03
1.608101068995893002e-03
1.637813751585781574e-03
1.115175196900963783e-03
1.073003746569156647e-03
1.448848983272910118e-03
1.256529358215630054e-03
1.503474079072475433e-03
1.626371638849377632e-03
1.294586691074073315e-03
1.267111161723732948e-03
1.521113794296979904e-03
1.058036228641867638e-03
1.797396340407431126e-03
1.543999416753649712e-03
1.462798099964857101e-03
1.576757058501243591e-03
1.660338719375431538e-03
1.596086309291422367e-03
1.104789203964173794e-03
1.022817101329565048e-03
1.434563077054917812e-03
1.276841969229280949e-03
1.262604491785168648e-03
1.475355471484363079e-03
1.714473473839461803e-03
1.111189834773540497e-03
1.413740101270377636e-03
1.222935155965387821e-03
1.186246285215020180e-03
1.281483448110520840e-03
1.202549319714307785e-03
1.475940691307187080e-03
1.562076155096292496e-03
1.177143189124763012e-03
1.622349023818969727e-03
1.704729045741260052e-03
1.191205577924847603e-03
1.475663739256560802e-03
1.253675669431686401e-03
1.682239118963479996e-03
1.607396756298840046e-03
9.886283660307526588e-04
1.794674783013761044e-03
1.314323744736611843e-03
1.048190868459641933e-03
1.321871182881295681e-03
1.595155918039381504e-03
1.204909523949027061e-03
1.427771756425499916e-03
1.615687622688710690e-03
1.520523452199995518e-03
1.589799067005515099e-03
1.419839914888143539e-03
1.754256431013345718e-03
1.547554857097566128e-03
1.544355414807796478e-03
1.721690990962088108e-03
1.468787668272852898e-03
9.658270282670855522e-04
1.097160857170820236e-03
1.502762897871434689e-03
1.469891634769737720e-03
1.365809817798435688e-03
1.582683995366096497e-03
1.547377207316458225e-03
1.622531795874238014e-03
1.392267527990043163e-03
1.110094832256436348e-03
1.406537252478301525e-03
1.689188531599938869e-03
1.380955567583441734e-03
1.590026658959686756e-03
1.425418537110090256e-03
1.375635154545307159e-03
1.204843400046229362e-03
1.865374855697154999e-03
1.267751329578459263e-03
1.412949291989207268e-03
1.429144642315804958e-03
1.508889719843864441e-03
1.408769516274333000e-03
1.469915034249424934e-03
1.308410894125699997e-03
1.435941667295992374e-03
9.324608254246413708e-04
1.474570948630571365e-03
1.475836848840117455e-03
1.299748197197914124e-03
1.377639477141201496e-03
1.453734352253377438e-03
1.450356328859925270e-03
1.511085545644164085e-03
1.465517096221446991e-03
1.633285311982035637e-03
1.212310744449496269e-03
1.769654103554785252e-03
1.542557845823466778e-03
1.009702566079795361e-03
1.010518521070480347e-03
1.204682164825499058e-03
8.974583470262587070e-04
1.581441611051559448e-03
1.576855545863509178e-03
1.462148153223097324e-03
1.285427133552730083e-03
1.593371387571096420e-03
1.499971025623381138e-03
1.713566249236464500e-03
1.303630066104233265e-03
1.860105898231267929e-03
9.010311332531273365e-04
1.597870606929063797e-03
1.766637549735605717e-03
1.258639851585030556e-03
1.237613614648580551e-03
1.551461522467434406e-03
1.761544612236320972e-03
1.232921029441058636e-03
1.303600263781845570e-03
1.341618015430867672e-03
1.417451887391507626e-03
1.169008202850818634e-03
1.655822037719190121e-03
1.266027800738811493e-03
1.579911098815500736e-03
1.096271211281418800e-03
1.344269956462085247e-03
1.628985279239714146e-03
1.557295094244182110e-03
1.226195716299116611e-03
1.354293781332671642e-03
1.251705805771052837e-03
1.614967477507889271e-03
1.568139879964292049e-03
1.853656955063343048e-03
1.787188812159001827e-03
1.235159928910434246e-03
1.736277365125715733e-03
1.477469922974705696e-03
1.697426661849021912e-03
1.493160263635218143e-03
1.699787913821637630e-03
1.299610012210905552e-03
1.954310573637485504e-03
9.362667915411293507e-04
1.210232032462954521e-03
1.415856415405869484e-03
1.536719966679811478e-03
1.179034705273807049e-03
1.793722156435251236e-03
1.345201046206057072e-03
1.547489198856055737e-03
1.306037767790257931e-03
1.292699947953224182e-03
1.644948613829910755e-03
9.693428874015808105e-04
1.434165518730878830e-03
1.750967232510447502e-03
1.644968870095908642e-03
1.896427362225949764e-03
1.302555785514414310e-03
1.367570133879780769e-03
1.080684247426688671e-03
1.537822186946868896e-03
1.655877451412379742e-03
1.636775326915085316e-03
2.090205438435077667e-03
1.535069546662271023e-03
1.399899250827729702e-03
1.569277024827897549e-03
1.362070208415389061e-03
1.774630974978208542e-03
1.332234125584363937e-03
1.725148409605026245e-03
1.714236568659543991e-03
1.143828034400939941e-03
1.194414449855685234e-03
1.673342194408178329e-03
1.667222590185701847e-03
1.722892979159951210e-03
1.510502654127776623e-03
1.570305088534951210e-03
1.240707002580165863e-03
1.656119711697101593e-03
1.560457283630967140e-03
1.452564029023051262e-03
1.415688660927116871e-03
1.267230254597961903e-03
1.644700532779097557e-03
1.202313695102930069e-03
1.536884228698909283e-03
1.256439485587179661e-03
1.223938772454857826e-03
1.355692045763134956e-03
1.163919572718441486e-03
1.589059713296592236e-03
1.361534581519663334e-03
1.565388403832912445e-03
1.238888478837907314e-03
1.459729392081499100e-03
1.161321648396551609e-03
1.069011515937745571e-03
1.802004757337272167e-03
1.270975684747099876e-03
1.133624929934740067e-03
1.447109272703528404e-03
1.453115022741258144e-03
2.036038320511579514e-03
1.311025582253932953e-03
8.677149889990687370e-04
1.137594575993716717e-03
1.241139951162040234e-03
1.826930325478315353e-03
1.312619773671030998e-03
1.761939143761992455e-03
1.539353630505502224e-03
1.075538923032581806e-03
1.694288221187889576e-03
1.765274209901690483e-03
1.647238386794924736e-03
1.308942330069839954e-03
1.418946194462478161e-03
1.337636262178421021e-03
1.206322223879396915e-03
1.511198352091014385e-03
1.027741120196878910e-03
1.252108486369252205e-03
1.341724069789052010e-03
1.505445339716970921e-03
1.772154355421662331e-03
1.556396018713712692e-03
1.566797378472983837e-03
1.423881622031331062e-03
1.334436470642685890e-03
1.612206920981407166e-03
1.506027532741427422e-03
9.892148664221167564e-04
1.545175211504101753e-03
1.229586079716682434e-03
1.384948496706783772e-03
1.393330167047679424e-03
1.387669239193201065e-03
1.654298510402441025e-03
1.196189667098224163e-03
1.154795289039611816e-03
1.152667799033224583e-03
1.515176729299128056e-03
1.636585802771151066e-03
1.232826150953769684e-03
1.467766356654465199e-03
1.202241983264684677e-03
1.435108715668320656e-03
1.632190891541540623e-03
1.234635128639638424e-03
1.048161531798541546e-03
1.614077016711235046e-03
1.032055821269750595e-03
1.299073570407927036e-03
1.708522206172347069e-03
1.119279651902616024e-03
1.577430870383977890e-03
1.439777202904224396e-03
1.015381771139800549e-03
1.552739646285772324e-03
1.351980958133935928e-03
1.360467518679797649e-03
1.517520053312182426e-03
1.429596915841102600e-03
1.212441944517195225e-03
1.353212050162255764e-03
1.187993097119033337e-03
1.115620252676308155e-03
1.421107212081551552e-03
1.876628142781555653e-03
1.568068750202655792e-03
1.603090786375105381e-03
1.361029339022934437e-03
1.204666448757052422e-03
1.200264086946845055e-03
1.423392444849014282e-03
1.324565266259014606e-03
1.393913407810032368e-03
1.793662435375154018e-03
1.491439063102006912e-03
1.445877598598599434e-03
1.450960873626172543e-03
1.114814891479909420e-03
1.703367452137172222e-03
1.873638480901718140e-03
1.323098316788673401e-03
1.338809845037758350e-03
1.256897463463246822e-03
1.301605137996375561e-03
9.984475327655673027e-04
1.118417480029165745e-03
1.170589355751872063e-03
1.724032335914671421e-03
1.514359028078615665e-03
1.232641749083995819e-03
1.026722718961536884e-03
1.268438878469169140e-03
1.487417612224817276e-03
1.512784394435584545e-03
1.948371762409806252e-03
1.698655192740261555e-03
2.089180052280426025e-03
1.462129876017570496e-03
1.333483611233532429e-03
1.376520725898444653e-03
1.542246318422257900e-03
1.505460939370095730e-03
1.799779245629906654e-03
1.664165058173239231e-03
1.437293249182403088e-03
1.495940610766410828e-03
1.509693218395113945e-03
1.311196479946374893e-03
1.296903239563107491e-03
1.581344404257833958e-03
1.302537042647600174e-03
1.610535779036581516e-03
1.548434724099934101e-03
1.387364813126623631e-03
1.174194971099495888e-03
1.657033222727477551e-03
1.917690504342317581e-03
1.810793764889240265e-03
1.969690434634685516e-03
1.521638710983097553e-03
1.293047331273555756e-03
1.419142587110400200e-03
1.521621248684823513e-03
1.027614343911409378e-03
1.857005176134407520e-03
1.298874965868890285e-03
1.041282783262431622e-03
1.320911222137510777e-03
1.023501623421907425e-03
1.216633361764252186e-03
1.350644975900650024e-03
1.438409439288079739e-03
1.500102225691080093e-03
1.109741162508726120e-03
2.034361241385340691e-03
1.404117327183485031e-03
1.313325134105980396e-03
1.359854824841022491e-03
1.249002641998231411e-03
1.464305794797837734e-03
1.651938655413687229e-03
1.713988604024052620e-03
1.533659873530268669e-03
1.495170290581882000e-03
1.618637470528483391e-03
1.051148399710655212e-03
1.219685887917876244e-03
1.035838038660585880e-03
1.249519293196499348e-03
1.557021052576601505e-03
1.429034164175391197e-03
1.336851157248020172e-03
1.328980666585266590e-03
1.421767519786953926e-03
1.230104826390743256e-03
1.774941920302808285e-03
1.154670375399291515e-03
1.157258288003504276e-03
1.304131932556629181e-03
1.533748465590178967e-03
1.743191620334982872e-03
1.363127026706933975e-03
1.919236150570213795e-03
1.304378034546971321e-03
1.198307494632899761e-03
1.250139321200549603e-03
1.739816507324576378e-03
1.843970036134123802e-03
1.344370772130787373e-03
1.253891619853675365e-03
1.720955246128141880e-03
1.613517175428569317e-03
1.417358522303402424e-03
1.448866096325218678e-03
1.158251892775297165e-03
1.510015106759965420e-03
1.098161330446600914e-03
1.263163867406547070e-03
1.396025996655225754e-03
1.677917898632586002e-03
1.593773369677364826e-03
1.589097431860864162e-03
1.527346787042915821e-03
1.620049355551600456e-03
1.754136523231863976e-03
1.031439867801964283e-03
1.331551931798458099e-03
1.146959373727440834e-03
9.437340777367353439e-04
1.328349928371608257e-03
1.281880657188594341e-03
1.401137444190680981e-03
1.235938747413456440e-03
1.608189777471125126e-03
1.758986385539174080e-03
1.768804737366735935e-03
1.250655506737530231e-03
1.416247105225920677e-03
1.142843277193605900e-03
1.339390175417065620e-03
1.286834012717008591e-03
2.001003129407763481e-03
1.243314705789089203e-03
1.428155694156885147e-03
1.340286573395133018e-03
1.978381769731640816e-03
1.215497031807899475e-03
1.293816952966153622e-03
1.106324372813105583e-03
1.122704939916729927e-03
1.380964065901935101e-03
1.414020312950015068e-03
1.389382872730493546e-03
1.252121175639331341e-03
1.460726838558912277e-03
1.792316790670156479e-03
1.395896542817354202e-03
1.448794733732938766e-03
1.476393081247806549e-03
1.715106191113591194e-03
1.245833234861493111e-03
1.330712344497442245e-03
1.249885186553001404e-03
1.201955135911703110e-03
1.627987367101013660e-03
1.278447103686630726e-03
1.512105925939977169e-03
1.286774990148842335e-03
1.372673083096742630e-03
1.730294199660420418e-03
1.446095411665737629e-03
1.296856557019054890e-03
1.244756742380559444e-03
1.376628177240490913e-03
1.870997250080108643e-03
1.558284740895032883e-03
1.544590923003852367e-03
1.560577074997127056e-03
1.463985419832170010e-03
1.402464811690151691e-03
1.614931854419410229e-03
1.142367487773299217e-03
1.431766431778669357e-03
1.124085858464241028e-03
1.292138360440731049e-03
1.331717241555452347e-03
1.256583607755601406e-03
1.389787299558520317e-03
1.849740510806441307e-03
1.270497217774391174e-03
1.378704677335917950e-03
1.482296385802328587e-03
1.117965555749833584e-03
1.037716749124228954e-03
1.475693425163626671e-03
1.789175206795334816e-03
1.287314807996153831e-03
1.688550692051649094e-03
9.807338938117027283e-04
1.553154666908085346e-03
1.482245163060724735e-03
1.250836648978292942e-03
1.857434515841305256e-03
1.547826337628066540e-03
1.381662325002253056e-03
1.661490881815552711e-03
1.254595816135406494e-03
1.394113758578896523e-03
1.179241691716015339e-03
1.228271401487290859e-03
1.568117178976535797e-03
1.525409286841750145e-03
1.282342360354959965e-03
1.770222326740622520e-03
1.396113308146595955e-03
1.483451924286782742e-03
1.012086751870810986e-03
1.576874172315001488e-03
1.144279143773019314e-03
1.670987927354872227e-03
1.242274651303887367e-03
1.162824453786015511e-03
1.449974020943045616e-03
1.245315419510006905e-03
1.329503953456878662e-03
1.495601725764572620e-03
1.278041629120707512e-03
1.279523014090955257e-03
1.353055937215685844e-03
1.940726418979465961e-03
1.328059122897684574e-03
1.359807327389717102e-03
1.381891663186252117e-03
1.663016038946807384e-03
1.731512718833982944e-03
1.565664308145642281e-03
1.525740022771060467e-03
1.399088418111205101e-03
1.660489244386553764e-03
1.427619485184550285e-03
1.402192399837076664e-03
1.185586093924939632e-03
1.734166289679706097e-03
1.438957871869206429e-03
1.428635790944099426e-03
1.430922420695424080e-03
1.636075205169618130e-03
1.615691580809652805e-03
1.280596479773521423e-03
1.532942638732492924e-03
1.132737379521131516e-03
1.545073115266859531e-03
1.483243657276034355e-03
1.491887262091040611e-03
1.510450500063598156e-03
1.468425965867936611e-03
1.323023810982704163e-03
1.268857158720493317e-03
1.590172993019223213e-03
1.281618373468518257e-03
1.175456447526812553e-03
1.256129355169832706e-03
1.525373081676661968e-03
1.347175566479563713e-03
1.378704328089952469e-03
1.179092563688755035e-03
1.419474254362285137e-03
1.362899201922118664e-03
1.517068245448172092e-03
9.548901580274105072e-04
1.302233780734241009e-03
1.353164087049663067e-03
1.966335112228989601e-03
1.285435399040579796e-03
1.245560590177774429e-03
1.201319508254528046e-03
1.843271078541874886e-03
1.370961777865886688e-03
1.259432174265384674e-03
1.100897672586143017e-03
1.230667461641132832e-03
1.524679944850504398e-03
1.400273991748690605e-03
1.473841024562716484e-03
1.472393982112407684e-03
1.263681100681424141e-03
1.410153578035533428e-03
1.275930204428732395e-03
1.535662100650370121e-03
1.624181866645812988e-03
1.192936324514448643e-03
1.509146532043814659e-03
9.717392968013882637e-04
1.304471981711685658e-03
9.306491701863706112e-04
1.407384290359914303e-03
1.495683682151138783e-03
1.707010203972458839e-03
1.578298164531588554e-03
1.472548698075115681e-03
1.519462675787508488e-03
1.239701639860868454e-03
1.375529216602444649e-03
1.536783762276172638e-03
1.271114917472004890e-03
1.373374368995428085e-03
1.277531497180461884e-03
1.471965573728084564e-03
1.485027023591101170e-03
1.275231246836483479e-03
1.401266781613230705e-03
1.248140702955424786e-03
1.909537590108811855e-03
1.540977391414344311e-03
1.365654985420405865e-03
1.616635010577738285e-03
1.514055184088647366e-03
1.591424690559506416e-03
1.234287163242697716e-03
1.526889740489423275e-03
1.438743784092366695e-03
1.642094459384679794e-03
1.037035835906863213e-03
1.835291041061282158e-03
1.358369947411119938e-03
1.649943995289504528e-03
1.695552375167608261e-03
1.141217770054936409e-03
1.762259751558303833e-03
1.478994148783385754e-03
1.712115132249891758e-03
1.546096405945718288e-03
1.633988693356513977e-03
1.117982901632785797e-03
1.651703962124884129e-03
1.788639696314930916e-03
1.272701658308506012e-03
1.502616680227220058e-03
1.741672633215785027e-03
1.591915497556328773e-03
1.697378465905785561e-03
1.456209574826061726e-03
1.378294546157121658e-03
1.585364341735839844e-03
1.360232592560350895e-03
1.341053983196616173e-03
1.442683278582990170e-03
1.379733555950224400e-03
1.421099761500954628e-03
9.660791256465017796e-04
1.557905110530555248e-03
1.167288166470825672e-03
1.619287533685564995e-03
1.491483300924301147e-03
1.416671322658658028e-03
1.393927494063973427e-03
1.288581523112952709e-03
1.153936260379850864e-03
1.317972317337989807e-03
1.343447249382734299e-03
1.226212596520781517e-03
1.187001354992389679e-03
1.541526871733367443e-03
1.355972373858094215e-03
1.374126761220395565e-03
1.574029913172125816e-03
1.744502107612788677e-03
1.680906629189848900e-03
1.503417617641389370e-03
1.281540142372250557e-03
1.166329719126224518e-03
1.290833577513694763e-03
1.436449005268514156e-03
1.446305308490991592e-03
1.602341537363827229e-03
1.914381864480674267e-03
1.108295749872922897e-03
1.415994949638843536e-03
1.612823805771768093e-03
1.214263262227177620e-03
1.652062637731432915e-03
1.726088463328778744e-03
1.734056510031223297e-03
1.337998313829302788e-03
1.299860072322189808e-03
1.579504227265715599e-03
1.520834164693951607e-03
1.003863522782921791e-03
1.219613826833665371e-03
1.151280710473656654e-03
1.368999015539884567e-03
1.615875633433461189e-03
1.535185729153454304e-03
1.056852866895496845e-03
1.494305906817317009e-03
1.169178518466651440e-03
1.600883901119232178e-03
1.304691541008651257e-03
1.300754025578498840e-03
1.765154302120208740e-03
1.354461302980780602e-03
