1.316456822678446770e-03
1.562784775160253048e-03
1.633380772545933723e-03
1.350208302028477192e-03
1.387994037941098213e-03
1.344166113995015621e-03
1.318653579801321030e-03
1.743429456837475300e-03
1.519462908618152142e-03
1.264295075088739395e-03
1.472818548791110516e-03
1.444422290660440922e-03
1.540009514428675175e-03
1.217197859659790993e-03
1.224515261128544807e-03
1.190050155855715275e-03
1.405293704010546207e-03
1.499381265603005886e-03
1.608250662684440613e-03
1.251069828867912292e-03
1.314661582000553608e-03
1.407339819706976414e-03
1.504930085502564907e-03
1.485396409407258034e-03
1.472694217227399349e-03
1.588281244039535522e-03
1.424599788151681423e-03
1.535518793389201164e-03
1.232833717949688435e-03
1.332734711468219757e-03
1.190447597764432430e-03
1.566406106576323509e-03
1.674730563536286354e-03
1.383327646180987358e-03
1.477791927754878998e-03
1.215825439430773258e-03
1.501768827438354492e-03
1.194129814393818378e-03
1.232174108736217022e-03
1.316317473538219929e-03
1.466317917220294476e-03
1.234115334227681160e-03
1.284982310608029366e-03
1.275771646760404110e-03
1.374833169393241405e-03
1.242583850398659706e-03
1.706022769212722778e-03
1.448984141461551189e-03
1.486708759330213070e-03
1.450420822948217392e-03
1.296172267757356167e-03
1.501979888416826725e-03
1.792107475921511650e-03
1.611284329555928707e-03
1.561472075991332531e-03
1.319976407103240490e-03
1.250137342140078545e-03
1.420282409526407719e-03
1.587815582752227783e-03
1.244604471139609814e-03
1.307777944020926952e-03
1.149947405792772770e-03
1.635156571865081787e-03
1.475713914260268211e-03
1.301470911130309105e-03
1.583696692250669003e-03
1.442764652892947197e-03
1.385485520586371422e-03
1.480243401601910591e-03
1.622217125259339809e-03
1.302831573411822319e-03
1.271281042136251926e-03
1.549274194985628128e-03
1.036688685417175293e-03
1.577013754285871983e-03
1.522785285487771034e-03
1.468609087169170380e-03
1.500067766755819321e-03
1.664286945015192032e-03
1.401030109263956547e-03
1.464439206756651402e-03
1.368462922982871532e-03
1.556419767439365387e-03
1.589153078384697437e-03
1.181508996523916721e-03
1.278890413232147694e-03
1.411159639246761799e-03
1.640067202970385551e-03
1.438355888240039349e-03
1.305925194174051285e-03
1.402585883624851704e-03
1.512352260760962963e-03
1.346249715425074100e-03
1.515072421170771122e-03
1.445478992536664009e-03
1.291340216994285583e-03
1.600117655470967293e-03
1.270918990485370159e-03
1.109681325033307076e-03
1.388356904499232769e-03
1.516180927865207195e-03
1.397103536874055862e-03
1.288008876144886017e-03
1.396078383550047874e-03
1.330113038420677185e-03
1.178186968900263309e-03
1.393721322529017925e-03
1.388078555464744568e-03
1.553691108711063862e-03
1.495248870924115181e-03
1.588645391166210175e-03
1.200517523102462292e-03
1.567741506733000278e-03
1.379187102429568768e-03
1.494237571023404598e-03
1.358277746476233006e-03
1.585282268933951855e-03
1.431871205568313599e-03
1.569592393934726715e-03
1.150315511040389538e-03
1.340785762295126915e-03
1.380030647851526737e-03
1.485718879848718643e-03
1.136226812377572060e-03
1.528851455077528954e-03
1.397650456055998802e-03
1.320300856605172157e-03
1.696366583928465843e-03
1.594527391716837883e-03
1.289069885388016701e-03
1.411367906257510185e-03
1.354798674583435059e-03
1.402356545440852642e-03
1.397607964463531971e-03
1.528435735963284969e-03
1.496599987149238586e-03
1.723307883366942406e-03
1.390466815792024136e-03
1.603586133569478989e-03
1.490324852056801319e-03
1.534530310891568661e-03
1.400603563524782658e-03
1.649758545681834221e-03
1.405434217303991318e-03
1.695233047939836979e-03
1.113039790652692318e-03
1.352498191408813000e-03
1.385866198688745499e-03
1.588892657309770584e-03
1.269269036129117012e-03
1.131899422034621239e-03
1.264999154955148697e-03
1.332738786004483700e-03
1.636507106013596058e-03
1.403547124937176704e-03
1.649710815399885178e-03
1.293283537961542606e-03
1.264340709894895554e-03
1.541523262858390808e-03
1.350792823359370232e-03
1.373580773361027241e-03
1.448000199161469936e-03
1.392971258610486984e-03
1.211648574098944664e-03
1.359943067654967308e-03
1.448625698685646057e-03
1.472360687330365181e-03
1.166991773061454296e-03
1.414486439898610115e-03
1.379479654133319855e-03
1.534702372737228870e-03
1.497087767347693443e-03
1.651343307457864285e-03
1.359226764179766178e-03
1.380683970637619495e-03
1.421438646502792835e-03
1.617486588656902313e-03
1.567849307321012020e-03
1.187541871331632137e-03
1.407603966072201729e-03
1.561696873977780342e-03
1.252559595741331577e-03
1.445865491405129433e-03
1.508272020146250725e-03
1.525612082332372665e-03
1.438465551473200321e-03
1.394479186274111271e-03
1.422985340468585491e-03
1.284673810005187988e-03
1.598768401890993118e-03
1.274511800147593021e-03
1.361164264380931854e-03
1.624889322556555271e-03
1.120458939112722874e-03
1.573323621414601803e-03
1.396943582221865654e-03
1.383307739160954952e-03
1.287221792154014111e-03
1.480834675021469593e-03
1.305858721025288105e-03
1.112177153117954731e-03
1.440126681700348854e-03
1.426991308107972145e-03
1.092200400307774544e-03
1.309275277890264988e-03
1.590545871295034885e-03
1.480375882238149643e-03
1.574367401190102100e-03
1.294312416575849056e-03
1.323912059888243675e-03
1.404418610036373138e-03
1.257003867067396641e-03
1.494994154199957848e-03
1.643015304580330849e-03
1.667238539084792137e-03
1.487040077336132526e-03
1.418168772943317890e-03
1.516513410024344921e-03
1.349717960692942142e-03
1.674926723353564739e-03
1.623984891921281815e-03
1.640780246816575527e-03
1.424453919753432274e-03
1.379606546834111214e-03
1.199382008053362370e-03
1.290953718125820160e-03
1.296755159273743629e-03
1.178962877020239830e-03
1.276117283850908279e-03
1.383170834742486477e-03
1.215488999150693417e-03
1.498999889008700848e-03
1.402369700372219086e-03
1.462952117435634136e-03
1.221418846398591995e-03
1.432297402061522007e-03
1.669256365858018398e-03
1.427932060323655605e-03
1.312448293901979923e-03
1.468118745833635330e-03
1.460961415432393551e-03
1.338033005595207214e-03
1.539643388241529465e-03
1.318731112405657768e-03
1.405326183885335922e-03
1.188108348287642002e-03
1.239683246240019798e-03
1.444604014977812767e-03
1.397109357640147209e-03
1.426045317202806473e-03
1.500911545008420944e-03
1.388799631968140602e-03
1.396584557369351387e-03
1.424807007424533367e-03
1.449166680686175823e-03
1.422004192136228085e-03
1.301688374951481819e-03
1.548956497572362423e-03
1.341318129561841488e-03
1.369193079881370068e-03
1.680152490735054016e-03
1.616963651031255722e-03
1.343745272606611252e-03
1.659142202697694302e-03
1.169691560789942741e-03
1.523301703855395317e-03
1.365340314805507660e-03
1.506079221144318581e-03
1.479162951000034809e-03
1.663880306296050549e-03
1.538332900963723660e-03
1.302541815675795078e-03
1.258132862858474255e-03
1.477872836403548717e-03
1.266583800315856934e-03
1.272760564461350441e-03
1.182274776510894299e-03
1.394307590089738369e-03
1.312579843215644360e-03
1.292695524170994759e-03
1.425660448148846626e-03
1.815324998460710049e-03
1.427537295967340469e-03
1.576428534463047981e-03
1.399257103912532330e-03
1.808618311770260334e-03
1.494614407420158386e-03
1.411404227837920189e-03
1.439039828255772591e-03
1.347385812550783157e-03
1.569318235851824284e-03
1.350445556454360485e-03
1.463570282794535160e-03
1.456159632652997971e-03
1.275691320188343525e-03
1.421024091541767120e-03
1.428661984391510487e-03
1.477553625591099262e-03
1.629496808163821697e-03
1.256195129826664925e-03
1.401337794959545135e-03
1.313729444518685341e-03
1.396531355567276478e-03
1.350393053144216537e-03
1.431396929547190666e-03
1.335318549536168575e-03
1.262411591596901417e-03
1.630111015401780605e-03
1.548127620480954647e-03
1.278057810850441456e-03
1.219525118358433247e-03
1.276159659028053284e-03
1.448039314709603786e-03
1.488350215367972851e-03
1.416033366695046425e-03
1.312045729719102383e-03
1.369915320537984371e-03
1.382889691740274429e-03
1.580356620252132416e-03
1.355836517177522182e-03
1.554445712827146053e-03
1.520317397080361843e-03
1.400651410222053528e-03
1.376667991280555725e-03
1.464778208173811436e-03
1.463540014810860157e-03
1.492278184741735458e-03
1.278902171179652214e-03
1.505413907580077648e-03
1.351436483673751354e-03
1.645021024160087109e-03
1.533104921691119671e-03
1.302662421949207783e-03
1.551292138174176216e-03
1.477770390920341015e-03
1.276928582228720188e-03
1.584810321219265461e-03
1.263737911358475685e-03
1.536485273391008377e-03
1.421961933374404907e-03
1.480056555010378361e-03
1.484972890466451645e-03
1.129313139244914055e-03
1.519378507509827614e-03
1.474332064390182495e-03
1.436985912732779980e-03
1.717623439617455006e-03
1.465921639464795589e-03
1.341081457212567329e-03
1.389976241625845432e-03
1.274632406421005726e-03
1.640222384594380856e-03
1.507601817138493061e-03
1.358970417641103268e-03
1.519907964393496513e-03
1.527972053736448288e-03
1.510441536083817482e-03
1.460339641198515892e-03
1.404861337505280972e-03
1.525723258964717388e-03
1.297139795497059822e-03
1.413646270520985126e-03
1.161412568762898445e-03
1.116299536079168320e-03
1.213811337947845459e-03
1.571116037666797638e-03
1.429798896424472332e-03
1.720704603940248489e-03
1.301737152971327305e-03
1.320932991802692413e-03
1.595811918377876282e-03
1.593534601852297783e-03
1.682773698121309280e-03
1.290992368012666702e-03
1.260419492609798908e-03
1.453335280530154705e-03
1.595267327502369881e-03
1.445031492039561272e-03
1.405252725817263126e-03
1.498516998253762722e-03
1.141555258072912693e-03
1.461267820559442043e-03
1.540666329674422741e-03
1.844494952820241451e-03
1.490110415033996105e-03
1.640779548324644566e-03
1.355956541374325752e-03
1.161970896646380424e-03
1.798207173123955727e-03
1.645199488848447800e-03
1.672407845035195351e-03
1.462843036279082298e-03
1.272638910450041294e-03
1.344097778201103210e-03
1.314485562033951283e-03
1.467405585572123528e-03
1.104264752939343452e-03
1.242488040588796139e-03
1.418231520801782608e-03
1.495589036494493484e-03
1.323687843978404999e-03
1.535688526928424835e-03
1.249424996785819530e-03
1.263669459149241447e-03
1.409702235832810402e-03
1.460607629269361496e-03
1.637781271710991859e-03
1.557274605147540569e-03
1.445511123165488243e-03
1.222962746396660805e-03
1.615236280485987663e-03
1.289928564801812172e-03
1.620850292965769768e-03
1.551346038468182087e-03
1.600616378709673882e-03
1.194397918879985809e-03
1.777605735696852207e-03
1.544985105283558369e-03
1.188616617582738400e-03
1.218542922288179398e-03
1.499220612458884716e-03
1.640544505789875984e-03
1.276479451917111874e-03
1.509067718870937824e-03
1.190209295600652695e-03
1.473865821026265621e-03
1.497920951806008816e-03
1.486438908614218235e-03
1.226551597937941551e-03
1.597617520019412041e-03
1.492929412052035332e-03
1.600610092282295227e-03
1.315452973358333111e-03
1.157239661552011967e-03
1.449097995646297932e-03
1.721878652460873127e-03
1.553100650198757648e-03
1.403722213581204414e-03
1.234218128956854343e-03
1.349922153167426586e-03
1.333205029368400574e-03
1.293349429033696651e-03
1.442456617951393127e-03
1.527641667053103447e-03
1.412847894243896008e-03
1.567865954712033272e-03
1.381148700602352619e-03
1.457974314689636230e-03
1.647781580686569214e-03
1.448415452614426613e-03
1.503049512393772602e-03
1.472161849960684776e-03
1.358690671622753143e-03
1.195828313939273357e-03
1.620008959434926510e-03
1.681731431744992733e-03
1.158680999651551247e-03
1.590286963619291782e-03
1.299836207181215286e-03
1.136053004302084446e-03
1.246130559593439102e-03
1.334901666268706322e-03
1.321673742495477200e-03
1.500547630712389946e-03
1.280229305848479271e-03
1.288471976295113564e-03
1.551936496980488300e-03
1.155099249444901943e-03
1.397558371536433697e-03
1.607932848855853081e-03
1.307933591306209564e-03
1.555367838591337204e-03
1.559615950100123882e-03
1.305769663304090500e-03
1.242121099494397640e-03
1.416866434738039970e-03
1.501721795648336411e-03
1.576906885020434856e-03
1.251831534318625927e-03
1.497190445661544800e-03
1.406855881214141846e-03
1.230739173479378223e-03
1.376760425046086311e-03
1.449741306714713573e-03
1.445571891963481903e-03
1.748296315781772137e-03
1.395320985466241837e-03
1.437831437215209007e-03
1.359931426122784615e-03
1.286144135519862175e-03
1.556285074912011623e-03
1.380692468956112862e-03
1.788095687516033649e-03
1.482324674725532532e-03
1.579846139065921307e-03
1.462748739868402481e-03
1.475653261877596378e-03
1.591030973941087723e-03
1.247501233592629433e-03
1.367736374959349632e-03
1.511121750809252262e-03
1.306671649217605591e-03
1.222872058860957623e-03
1.407084171660244465e-03
1.286616898141801357e-03
1.453279983252286911e-03
1.344686024822294712e-03
1.265723258256912231e-03
1.434364472515881062e-03
1.416332670487463474e-03
1.596038346178829670e-03
1.540231751278042793e-03
1.650974852964282036e-03
1.278585172258317471e-03
1.498720142990350723e-03
1.587532693520188332e-03
1.336016808636486530e-03
1.542975427582859993e-03
1.320667099207639694e-03
1.565739046782255173e-03
1.684727612882852554e-03
1.533770351670682430e-03
1.444017281755805016e-03
1.505624270066618919e-03
1.463367603719234467e-03
1.438344246707856655e-03
1.384020899422466755e-03
1.560030737891793251e-03
1.553102280013263226e-03
1.519147655926644802e-03
1.339259091764688492e-03
1.423555309884250164e-03
1.486831228248775005e-03
1.412452431395649910e-03
1.737169339321553707e-03
1.450308831408619881e-03
1.573888934217393398e-03
1.497421297244727612e-03
1.582357566803693771e-03
1.466917572543025017e-03
1.280246535316109657e-03
1.378578483127057552e-03
1.535223564133048058e-03
1.537400763481855392e-03
1.395680592395365238e-03
1.606705598533153534e-03
1.483185100369155407e-03
1.475204131565988064e-03
1.370162819512188435e-03
1.487024477683007717e-03
1.340184360742568970e-03
1.378605724312365055e-03
1.614764216355979443e-03
1.467701164074242115e-03
1.542064943350851536e-03
1.421454595401883125e-03
1.664455630816519260e-03
1.552710542455315590e-03
1.522026257589459419e-03
1.499029691331088543e-03
1.509529189206659794e-03
1.726278569549322128e-03
1.472915639169514179e-03
1.446885173209011555e-03
1.377289183437824249e-03
1.190388924442231655e-03
1.180050545372068882e-03
1.452079392038285732e-03
1.350982929579913616e-03
1.454157754778862000e-03
1.399586908519268036e-03
1.376952277496457100e-03
1.467804540880024433e-03
1.326431985944509506e-03
1.517459400929510593e-03
1.383438589982688427e-03
1.668044365942478180e-03
1.628427533432841301e-03
1.386606600135564804e-03
1.596153131686151028e-03
1.469880575314164162e-03
1.436367630958557129e-03
1.311108469963073730e-03
1.524335704743862152e-03
1.558194053359329700e-03
1.511152135208249092e-03
1.526238396763801575e-03
1.493026618845760822e-03
1.407642965205013752e-03
1.102328882552683353e-03
1.606871606782078743e-03
1.695331302471458912e-03
1.382323098368942738e-03
1.310125691816210747e-03
1.217187847942113876e-03
1.215109950862824917e-03
1.477549783885478973e-03
1.425670692697167397e-03
1.259343232959508896e-03
1.515939133241772652e-03
1.482018153183162212e-03
1.510193105787038803e-03
1.396148349158465862e-03
1.193686155602335930e-03
1.665535150095820427e-03
1.313725952059030533e-03
1.163774868473410606e-03
1.228992827236652374e-03
1.545088249258697033e-03
1.513561699539422989e-03
1.321017043665051460e-03
1.448102295398712158e-03
1.424513757228851318e-03
1.380538451485335827e-03
1.231298549100756645e-03
1.293765963055193424e-03
1.428057090379297733e-03
1.372531987726688385e-03
1.394419115968048573e-03
1.464154105633497238e-03
1.108754542656242847e-03
1.565134036354720592e-03
1.273760804906487465e-03
1.834873692132532597e-03
1.375840627588331699e-03
1.408312004059553146e-03
1.493748743087053299e-03
1.238427939824759960e-03
1.308160834014415741e-03
1.643508789129555225e-03
1.256469404324889183e-03
1.322629512287676334e-03
1.341315917670726776e-03
1.641714945435523987e-03
1.489947317168116570e-03
1.525073894299566746e-03
1.416237442754209042e-03
1.472999341785907745e-03
1.513408380560576916e-03
1.624651951715350151e-03
1.421472639776766300e-03
1.419288921169936657e-03
1.582493889145553112e-03
1.473542652092874050e-03
1.561197568662464619e-03
1.477922545745968819e-03
1.018166192807257175e-03
1.575876376591622829e-03
1.293716952204704285e-03
1.527235261164605618e-03
1.381997601129114628e-03
1.406436087563633919e-03
1.568909385241568089e-03
1.186653273180127144e-03
1.454105367884039879e-03
1.619217800907790661e-03
1.516504329629242420e-03
1.632678206078708172e-03
1.311951898969709873e-03
1.330584636889398098e-03
1.670600380748510361e-03
1.543889171443879604e-03
1.462223939597606659e-03
1.230051508173346519e-03
1.469240873120725155e-03
1.358094741590321064e-03
1.484645414166152477e-03
1.687578740529716015e-03
1.409927383065223694e-03
1.460717408917844296e-03
1.527711283415555954e-03
1.195165328681468964e-03
1.654005143791437149e-03
1.424204790964722633e-03
1.210026675835251808e-03
1.321653369814157486e-03
1.484407228417694569e-03
1.422609551809728146e-03
1.542169949971139431e-03
1.693241880275309086e-03
1.432025223039090633e-03
1.532962429337203503e-03
1.254353788681328297e-03
1.420332817360758781e-03
1.355511019937694073e-03
1.082383678294718266e-03
1.289868261665105820e-03
1.398103660903871059e-03
1.629226957447826862e-03
1.468400238081812859e-03
1.700295251794159412e-03
1.565050450153648853e-03
1.450548297725617886e-03
1.387405209243297577e-03
1.640663482248783112e-03
1.303719007410109043e-03
1.226352760568261147e-03
1.347555662505328655e-03
1.177391619421541691e-03
1.303309807553887367e-03
