1.428312854841351509e-03
1.399665256030857563e-03
1.454886049032211304e-03
1.463156542740762234e-03
1.456835656426846981e-03
1.441602944396436214e-03
1.487882691435515881e-03
1.434134086593985558e-03
1.425615279003977776e-03
1.450244686566293240e-03
1.458185724914073944e-03
1.464723376557230949e-03
1.442755688913166523e-03
1.400200999341905117e-03
1.404156326316297054e-03
1.401967834681272507e-03
1.424817601218819618e-03
1.451384625397622585e-03
1.400208449922502041e-03
1.411097589880228043e-03
1.394344959408044815e-03
1.429188414476811886e-03
1.428461517207324505e-03
1.413534162566065788e-03
1.413134159520268440e-03
1.417458988726139069e-03
1.418913598172366619e-03
1.456403057090938091e-03
1.455197227187454700e-03
1.389319775626063347e-03
1.388019532896578312e-03
1.454483484849333763e-03
1.429124386049807072e-03
1.457349513657391071e-03
1.428294461220502853e-03
1.458738348446786404e-03
1.380293280817568302e-03
1.423454494215548038e-03
1.448660856112837791e-03
1.417060149833559990e-03
1.449322211556136608e-03
1.434067613445222378e-03
1.430266769602894783e-03
1.415787963196635246e-03
1.364481868222355843e-03
1.433714176528155804e-03
1.451173564419150352e-03
1.409117830917239189e-03
1.409093383699655533e-03
1.392194302752614021e-03
1.432685297913849354e-03
1.437757862731814384e-03
1.387942815199494362e-03
1.473532291129231453e-03
1.413365476764738560e-03
1.471137860789895058e-03
1.448654336854815483e-03
1.448609633371233940e-03
1.428612740710377693e-03
1.458238693885505199e-03
1.419133972376585007e-03
1.460392260923981667e-03
1.435227110050618649e-03
1.404871232807636261e-03
1.410047756507992744e-03
1.382455811835825443e-03
1.431413111276924610e-03
1.409439370036125183e-03
1.416667131707072258e-03
1.436172286048531532e-03
1.431937795132398605e-03
1.475053373724222183e-03
1.440020278096199036e-03
1.422527595423161983e-03
1.448634546250104904e-03
1.449792645871639252e-03
1.476178527809679508e-03
1.497888239100575447e-03
1.494757016189396381e-03
1.409860793501138687e-03
1.414661877788603306e-03
1.446133363060653210e-03
1.405646791681647301e-03
1.434637233614921570e-03
1.439872430637478828e-03
1.385987736284732819e-03
1.436470309272408485e-03
1.411700155586004257e-03
1.439309562556445599e-03
1.364067080430686474e-03
1.434611855074763298e-03
1.436889870092272758e-03
1.445912057533860207e-03
1.397088868543505669e-03
1.445421949028968811e-03
1.424049842171370983e-03
1.438554492779076099e-03
1.424010843038558960e-03
1.388164004310965538e-03
1.456120167858898640e-03
1.440484775230288506e-03
1.410264172591269016e-03
1.421339344233274460e-03
1.428393530659377575e-03
1.422528526745736599e-03
1.412714133039116859e-03
1.464625704102218151e-03
1.449471106752753258e-03
1.440398860722780228e-03
1.456223893910646439e-03
1.434731762856245041e-03
1.444286317564547062e-03
1.419535023160278797e-03
1.437672064639627934e-03
1.486709574237465858e-03
1.407225616276264191e-03
1.448692404665052891e-03
1.436497434042394161e-03
1.446702284738421440e-03
1.414714730344712734e-03
1.428197952918708324e-03
1.407750649377703667e-03
1.444660476408898830e-03
1.417053746990859509e-03
1.443552318960428238e-03
1.482239342294633389e-03
1.404110109433531761e-03
1.417362014763057232e-03
1.432781573385000229e-03
1.434696838259696960e-03
1.424437272362411022e-03
1.396127510815858841e-03
1.406628172844648361e-03
1.435563783161342144e-03
1.357591594569385052e-03
1.432278659194707870e-03
1.461517182178795338e-03
1.445724279619753361e-03
1.420857384800910950e-03
1.413593767210841179e-03
1.419619889929890633e-03
1.468406990170478821e-03
1.410826225765049458e-03
1.430049887858331203e-03
1.426062895916402340e-03
1.430087490007281303e-03
1.452831900678575039e-03
1.397535670548677444e-03
1.429401570931077003e-03
1.477663870900869370e-03
1.452675205655395985e-03
1.449054107069969177e-03
1.425908994860947132e-03
1.435671350918710232e-03
1.469198847189545631e-03
1.401240122504532337e-03
1.397029380314052105e-03
1.429160707630217075e-03
1.412419369444251060e-03
1.485030632466077805e-03
1.406510244123637676e-03
1.424597576260566711e-03
1.427903072908520699e-03
1.425494556315243244e-03
1.395679195411503315e-03
1.431316835805773735e-03
1.452485215850174427e-03
1.423986977897584438e-03
1.419779611751437187e-03
1.391912926919758320e-03
1.448176568374037743e-03
1.436668913811445236e-03
1.490404363721609116e-03
1.422094530425965786e-03
1.460389234125614166e-03
1.471497933380305767e-03
1.432828838005661964e-03
1.452315947972238064e-03
1.418064930476248264e-03
1.466288929805159569e-03
1.432370627298951149e-03
1.440697233192622662e-03
1.419739564880728722e-03
1.428195741027593613e-03
1.418791944161057472e-03
1.405309536494314671e-03
1.422535046003758907e-03
1.415264327079057693e-03
1.448102644644677639e-03
1.380355446599423885e-03
1.422644825652241707e-03
1.428041490726172924e-03
1.385177369229495525e-03
1.425621216185390949e-03
1.417001942172646523e-03
1.455574296414852142e-03
1.415576902218163013e-03
1.452201860956847668e-03
1.446795999072492123e-03
1.453252392821013927e-03
1.412656623870134354e-03
1.402054098434746265e-03
1.445682835765182972e-03
1.435892423614859581e-03
1.409012940712273121e-03
1.453179167583584785e-03
1.454503973945975304e-03
1.504271989688277245e-03
1.412377227097749710e-03
1.377717126160860062e-03
1.442200271412730217e-03
1.430283300578594208e-03
1.442678621970117092e-03
1.397760235704481602e-03
1.481507788412272930e-03
1.441426109522581100e-03
1.441672327928245068e-03
1.434970996342599392e-03
1.468535629101097584e-03
1.394501654431223869e-03
1.415874226950109005e-03
1.489315764047205448e-03
1.425852533429861069e-03
1.447194372303783894e-03
1.462602987885475159e-03
1.423132722266018391e-03
1.412812387570738792e-03
1.426811213605105877e-03
1.480175065807998180e-03
1.398237305693328381e-03
1.445551752112805843e-03
1.482146908529102802e-03
1.429784693755209446e-03
1.467927126213908195e-03
1.437813858501613140e-03
1.471760333515703678e-03
1.410038559697568417e-03
1.405187300406396389e-03
1.399734523147344589e-03
1.414031139574944973e-03
1.416629645973443985e-03
1.390337361954152584e-03
1.392413512803614140e-03
1.416062121279537678e-03
1.426453236490488052e-03
1.426774659194052219e-03
1.406946452334523201e-03
1.451478106901049614e-03
1.412329846061766148e-03
1.404085895046591759e-03
1.469886279664933681e-03
1.455700374208390713e-03
1.426128321327269077e-03
1.422840752638876438e-03
1.434028148651123047e-03
1.430863980203866959e-03
1.442823209799826145e-03
1.425959635525941849e-03
1.466829678975045681e-03
1.445054542273283005e-03
1.423286274075508118e-03
1.413169899024069309e-03
1.431055250577628613e-03
1.423271140083670616e-03
1.434737001545727253e-03
1.436528400518000126e-03
1.439873944036662579e-03
1.441568019799888134e-03
1.470820978283882141e-03
1.433740369975566864e-03
1.421044697053730488e-03
1.488247769884765148e-03
1.399296103045344353e-03
1.429388765245676041e-03
1.445848844014108181e-03
1.444086316041648388e-03
1.428581890650093555e-03
1.477098907344043255e-03
1.405728165991604328e-03
1.434319419786334038e-03
1.423743320629000664e-03
1.454357523471117020e-03
1.443297951482236385e-03
1.444629859179258347e-03
1.403600326739251614e-03
1.448217080906033516e-03
1.444948255084455013e-03
1.411609933711588383e-03
1.404342823661863804e-03
1.408296055160462856e-03
1.415413222275674343e-03
1.406599418260157108e-03
1.467610127292573452e-03
1.383093884214758873e-03
1.444311696104705334e-03
1.394354039803147316e-03
1.383335329592227936e-03
1.431804732419550419e-03
1.449703937396407127e-03
1.483610598370432854e-03
1.400888664647936821e-03
1.457670354284346104e-03
1.456179888918995857e-03
1.445439062081277370e-03
1.446949201636016369e-03
1.410367549397051334e-03
1.414702739566564560e-03
1.461523585021495819e-03
1.412193290889263153e-03
1.419461914338171482e-03
1.446546637453138828e-03
1.432543853297829628e-03
1.398915890604257584e-03
1.421078224666416645e-03
1.409896533004939556e-03
1.385753625072538853e-03
1.445839297957718372e-03
1.455824123695492744e-03
1.435804413631558418e-03
1.408362179063260555e-03
1.430037664249539375e-03
1.427156850695610046e-03
1.432087738066911697e-03
1.392527716234326363e-03
1.429457683116197586e-03
1.400597044266760349e-03
1.401436165906488895e-03
1.384507631883025169e-03
1.436535967513918877e-03
1.431143842637538910e-03
1.413565012626349926e-03
1.380976638756692410e-03
1.377039123326539993e-03
1.411112025380134583e-03
1.402793917804956436e-03
1.443607616238296032e-03
1.419126638211309910e-03
1.475850702263414860e-03
1.459022518247365952e-03
1.455670339055359364e-03
1.395585131831467152e-03
1.415389822795987129e-03
1.440011663362383842e-03
1.440663589164614677e-03
1.387928146868944168e-03
1.424153568223118782e-03
1.385026494972407818e-03
1.400400185957551003e-03
1.414720900356769562e-03
1.417526160366833210e-03
1.410963712260127068e-03
1.439733779989182949e-03
1.431283308193087578e-03
1.426936825737357140e-03
1.390763674862682819e-03
1.442169654183089733e-03
1.408988377079367638e-03
1.428667455911636353e-03
1.418632338754832745e-03
1.485116197727620602e-03
1.439037383534014225e-03
1.385863288305699825e-03
1.440738327801227570e-03
1.401619636453688145e-03
1.392379170283675194e-03
1.445539644919335842e-03
1.444648718461394310e-03
1.491044997237622738e-03
1.436075894162058830e-03
1.415956066921353340e-03
1.424672314897179604e-03
1.431385986506938934e-03
1.443221815861761570e-03
1.441079541109502316e-03
1.382569083943963051e-03
1.411477918736636639e-03
1.443530549295246601e-03
1.419232576154172421e-03
1.411454402841627598e-03
1.401737565174698830e-03
1.415141392499208450e-03
1.430731383152306080e-03
1.472525182180106640e-03
1.433814759366214275e-03
1.451721997000277042e-03
1.403039670549333096e-03
1.376019674353301525e-03
1.482860068790614605e-03
1.430539065040647984e-03
1.422850415110588074e-03
1.431619748473167419e-03
1.430851640179753304e-03
1.416507759131491184e-03
1.393210259266197681e-03
1.387358061037957668e-03
1.440774882212281227e-03
1.388925826177000999e-03
1.432827324606478214e-03
1.420069485902786255e-03
1.396973151713609695e-03
1.449606497772037983e-03
1.393959973938763142e-03
1.419526175595819950e-03
1.414024736732244492e-03
1.439527026377618313e-03
1.465043635107576847e-03
1.438765088096261024e-03
1.443204469978809357e-03
1.426813774742186069e-03
1.448343507945537567e-03
1.448907889425754547e-03
1.415304490365087986e-03
1.442302251234650612e-03
1.413846621289849281e-03
1.411577104590833187e-03
1.470952178351581097e-03
1.454364042729139328e-03
1.400229870341718197e-03
1.404203358106315136e-03
1.439225394278764725e-03
1.420191605575382710e-03
1.423342502675950527e-03
1.401669345796108246e-03
1.446997397579252720e-03
1.460927771404385567e-03
1.432577962987124920e-03
1.395161845721304417e-03
1.369957230053842068e-03
1.456786878407001495e-03
1.407978124916553497e-03
1.426689210347831249e-03
1.415453501977026463e-03
1.430649193935096264e-03
1.463317661546170712e-03
1.490213559009134769e-03
1.416892162524163723e-03
1.427465467713773251e-03
1.426683738827705383e-03
1.403726404532790184e-03
1.433009048923850060e-03
1.497029676102101803e-03
1.424520742148160934e-03
1.394471735693514347e-03
1.406866591423749924e-03
1.442423672415316105e-03
1.449126517400145531e-03
1.401868532411754131e-03
1.400018925778567791e-03
1.412796787917613983e-03
1.415184116922318935e-03
1.427321229130029678e-03
1.389547600410878658e-03
1.413693767972290516e-03
1.436890684999525547e-03
1.437261700630187988e-03
1.473796321079134941e-03
1.491460367105901241e-03
1.431701472029089928e-03
1.401623710989952087e-03
1.418718136847019196e-03
1.405589864589273930e-03
1.400833949446678162e-03
1.445515314117074013e-03
1.463794382289052010e-03
1.397431013174355030e-03
1.452581956982612610e-03
1.449718722142279148e-03
1.463251654058694839e-03
1.465137233026325703e-03
1.453686738386750221e-03
1.411125529557466507e-03
1.414030790328979492e-03
1.403374946676194668e-03
1.398934633471071720e-03
1.439704559743404388e-03
1.444053370505571365e-03
1.402701949700713158e-03
1.439283718355000019e-03
1.462541637010872364e-03
1.412264071404933929e-03
1.426197239197790623e-03
1.426590257324278355e-03
1.444304478354752064e-03
1.419182633981108665e-03
1.388992997817695141e-03
1.437442959286272526e-03
1.402146066538989544e-03
1.410788507200777531e-03
1.398188178427517414e-03
1.448536990210413933e-03
1.458965823985636234e-03
1.456290716305375099e-03
1.439255196601152420e-03
1.418207772076129913e-03
1.420015352778136730e-03
1.406938070431351662e-03
1.457144622690975666e-03
1.440759864635765553e-03
1.439127372577786446e-03
1.400521723553538322e-03
1.410957193002104759e-03
1.407850300893187523e-03
1.444487599655985832e-03
1.391981961205601692e-03
1.429079915396869183e-03
1.436001155525445938e-03
1.389405922964215279e-03
1.416728366166353226e-03
1.408378593623638153e-03
1.378133660182356834e-03
1.449502655304968357e-03
1.483837259002029896e-03
1.432623830623924732e-03
1.408415962941944599e-03
1.457902602851390839e-03
1.408534473739564419e-03
1.452507684007287025e-03
1.409938675351440907e-03
1.389164826832711697e-03
1.380620873533189297e-03
1.439105835743248463e-03
1.470045186579227448e-03
1.472408766858279705e-03
1.438707695342600346e-03
1.442939392291009426e-03
1.455261954106390476e-03
1.406574039719998837e-03
1.398352906107902527e-03
1.467182184569537640e-03
1.399689004756510258e-03
1.427575480192899704e-03
1.471841474995017052e-03
1.446009380742907524e-03
1.421990455128252506e-03
1.415002392604947090e-03
1.436725375242531300e-03
1.415099599398672581e-03
1.438457169570028782e-03
1.418383209966123104e-03
1.437603961676359177e-03
1.399868517182767391e-03
1.429044757969677448e-03
1.411390374414622784e-03
1.430758507922291756e-03
1.410284079611301422e-03
1.419598818756639957e-03
1.434626290574669838e-03
1.404343638569116592e-03
1.436106278561055660e-03
1.426555449143052101e-03
1.471294206567108631e-03
1.437643193639814854e-03
1.435778336599469185e-03
1.439644023776054382e-03
1.402799854986369610e-03
1.482488587498664856e-03
1.421500812284648418e-03
1.454463927075266838e-03
1.438335864804685116e-03
1.458972808904945850e-03
1.399920322000980377e-03
1.380479545332491398e-03
1.418162719346582890e-03
1.445324160158634186e-03
1.415271428413689137e-03
1.455050776712596416e-03
1.434226520359516144e-03
1.395397353917360306e-03
1.403625239618122578e-03
1.370659796521067619e-03
1.445529633201658726e-03
1.433330820873379707e-03
1.430869684554636478e-03
1.424888847395777702e-03
1.464579254388809204e-03
1.385533367283642292e-03
1.407844130881130695e-03
1.439612591639161110e-03
1.441771746613085270e-03
1.464645494706928730e-03
1.475232187658548355e-03
1.405308721587061882e-03
1.422981149516999722e-03
1.418298226781189442e-03
1.440689200535416603e-03
1.433194964192807674e-03
1.400377717800438404e-03
1.403000322170555592e-03
1.480869599618017673e-03
1.431921264156699181e-03
1.409332733601331711e-03
1.408362179063260555e-03
1.479406491853296757e-03
1.416999148204922676e-03
1.399112399667501450e-03
1.393640530295670033e-03
1.430749194696545601e-03
1.452543190680444241e-03
1.441448810510337353e-03
1.437132828868925571e-03
1.456632162444293499e-03
1.423003152012825012e-03
1.469190814532339573e-03
1.429614261724054813e-03
1.418434665538370609e-03
1.443600049242377281e-03
1.458861632272601128e-03
1.449101138859987259e-03
1.467858441174030304e-03
1.447396120056509972e-03
1.433438039384782314e-03
1.427435199730098248e-03
1.402589492499828339e-03
1.399126951582729816e-03
1.480171922594308853e-03
1.432892750017344952e-03
1.460102270357310772e-03
1.466916641220450401e-03
1.383939990773797035e-03
1.395009923726320267e-03
1.403238158673048019e-03
1.423894311301410198e-03
1.455841469578444958e-03
1.438143779523670673e-03
1.443756977096199989e-03
1.419267151504755020e-03
1.437654020264744759e-03
1.425989088602364063e-03
1.417807186953723431e-03
1.442338456399738789e-03
1.447770744562149048e-03
1.456365920603275299e-03
1.401136280037462711e-03
1.427856273949146271e-03
1.426744274795055389e-03
1.413326710462570190e-03
1.456870813854038715e-03
1.372359925881028175e-03
1.407308038324117661e-03
1.424793503247201443e-03
1.457319711335003376e-03
1.427022623829543591e-03
1.418870291672646999e-03
1.428951392881572247e-03
1.398848835378885269e-03
1.432455377653241158e-03
1.361086731776595116e-03
1.388325123116374016e-03
1.449724892154335976e-03
1.518982695415616035e-03
1.467431429773569107e-03
1.435824320651590824e-03
1.429734867997467518e-03
1.375153311528265476e-03
1.435538288205862045e-03
1.446737092919647694e-03
1.467821421101689339e-03
1.441175932995975018e-03
1.391859026625752449e-03
1.442276057787239552e-03
1.358144450932741165e-03
1.398245687596499920e-03
1.405324321240186691e-03
1.402958529070019722e-03
1.450605923309922218e-03
1.414404017850756645e-03
1.419134321622550488e-03
1.415169448591768742e-03
1.381536130793392658e-03
1.400529523380100727e-03
1.433192868717014790e-03
1.400635577738285065e-03
1.430152799002826214e-03
1.460397732444107533e-03
1.421890221536159515e-03
1.371413818560540676e-03
1.405057846568524837e-03
1.418300205841660500e-03
1.418482745066285133e-03
1.411208999343216419e-03
1.419866806827485561e-03
1.439015148207545280e-03
1.401738729327917099e-03
1.407507341355085373e-03
1.424233894795179367e-03
1.471193041652441025e-03
1.465991954319179058e-03
1.408566604368388653e-03
1.415636739693582058e-03
1.397434971295297146e-03
1.392306527122855186e-03
1.422082073986530304e-03
1.424208283424377441e-03
1.396015519276261330e-03
1.407536910846829414e-03
1.368024153634905815e-03
1.462902291677892208e-03
1.441161497496068478e-03
1.418567611835896969e-03
1.433752477169036865e-03
