1.460000000000000000e+02
1.620000000000000000e+02
1.710000000000000000e+02
1.630000000000000000e+02
1.590000000000000000e+02
1.650000000000000000e+02
1.640000000000000000e+02
1.370000000000000000e+02
1.460000000000000000e+02
1.530000000000000000e+02
1.410000000000000000e+02
1.520000000000000000e+02
1.580000000000000000e+02
1.620000000000000000e+02
1.510000000000000000e+02
1.340000000000000000e+02
1.610000000000000000e+02
1.400000000000000000e+02
1.390000000000000000e+02
1.330000000000000000e+02
1.560000000000000000e+02
1.400000000000000000e+02
1.540000000000000000e+02
1.540000000000000000e+02
1.650000000000000000e+02
1.390000000000000000e+02
1.640000000000000000e+02
1.350000000000000000e+02
1.490000000000000000e+02
1.350000000000000000e+02
1.690000000000000000e+02
1.530000000000000000e+02
1.500000000000000000e+02
