1.280000000000000061e-02
2.359999999999999945e-02
2.340000000000000066e-02
4.460000000000000075e-02
4.259999999999999898e-02
1.119999999999999989e-02
1.239999999999999956e-02
4.179999999999999688e-02
5.179999999999999882e-02
4.440000000000000197e-02
1.700000000000000122e-02
2.359999999999999945e-02
7.180000000000000271e-02
5.160000000000000003e-02
1.460000000000000013e-02
3.280000000000000276e-02
2.620000000000000107e-02
8.000000000000000383e-04
4.460000000000000075e-02
4.179999999999999688e-02
1.720000000000000001e-02
2.999999999999999889e-02
4.000000000000000083e-03
2.299999999999999961e-02
4.859999999999999737e-02
3.440000000000000002e-02
2.060000000000000026e-02
4.340000000000000108e-02
1.940000000000000058e-02
2.620000000000000107e-02
4.139999999999999930e-02
1.899999999999999953e-02
3.939999999999999752e-02
