4.654239863157272339e-03
4.485162440687417984e-03
4.068360663950443268e-03
3.857735078781843185e-03
3.744309768080711365e-03
4.116627387702465057e-03
3.812412964180111885e-03
4.720769356936216354e-03
3.605520352721214294e-03
3.811561735346913338e-03
4.871837329119443893e-03
4.778218921273946762e-03
3.836378455162048340e-03
4.423122387379407883e-03
3.182109910994768143e-03
4.395181778818368912e-03
3.303054021671414375e-03
3.642035182565450668e-03
4.153793212026357651e-03
4.690872970968484879e-03
4.000173415988683701e-03
3.455087542533874512e-03
3.305526450276374817e-03
3.789431415498256683e-03
3.677589586004614830e-03
3.451311029493808746e-03
3.194141667336225510e-03
3.923043143004179001e-03
3.314763307571411133e-03
3.520502476021647453e-03
4.379146266728639603e-03
4.938984289765357971e-03
4.202084150165319443e-03
5.066750571131706238e-03
3.429615404456853867e-03
5.277311895042657852e-03
4.307489842176437378e-03
3.553016111254692078e-03
4.358415957540273666e-03
3.830556524917483330e-03
3.894659923389554024e-03
3.889020998030900955e-03
4.026620183140039444e-03
3.912908490747213364e-03
3.047725651413202286e-03
3.809657413512468338e-03
4.252726212143898010e-03
4.059224389493465424e-03
4.202429670840501785e-03
3.736251266673207283e-03
4.199986346065998077e-03
4.040327388793230057e-03
4.170797765254974365e-03
3.380912821739912033e-03
3.794689895585179329e-03
3.691297024488449097e-03
3.720553591847419739e-03
4.572564270347356796e-03
4.308939445763826370e-03
3.338089445605874062e-03
3.376608947291970253e-03
3.562022233381867409e-03
3.801658283919095993e-03
4.095471929758787155e-03
4.063674714416265488e-03
2.983938204124569893e-03
4.017516039311885834e-03
3.821774618700146675e-03
4.364164546132087708e-03
3.607235616073012352e-03
4.331513307988643646e-03
4.405531566590070724e-03
3.898133058100938797e-03
3.623563330620527267e-03
3.546737134456634521e-03
4.038758575916290283e-03
4.055426921695470810e-03
3.192380070686340332e-03
4.121809732168912888e-03
3.585088299587368965e-03
4.612721502780914307e-03
3.562634112313389778e-03
3.510859562084078789e-03
5.000069737434387207e-03
4.392220173031091690e-03
3.859544405713677406e-03
4.419533535838127136e-03
3.598536830395460129e-03
3.524820320308208466e-03
3.914142493158578873e-03
4.781745839864015579e-03
4.268818069249391556e-03
3.151017241179943085e-03
4.265510477125644684e-03
4.265138413757085800e-03
4.247200675308704376e-03
4.287780262529850006e-03
4.182908684015274048e-03
3.859705524519085884e-03
3.707485506311058998e-03
3.475583624094724655e-03
4.713203292340040207e-03
4.151380620896816254e-03
3.977724816650152206e-03
3.743846435099840164e-03
4.179863259196281433e-03
3.914808388799428940e-03
3.944566473364830017e-03
3.776434343308210373e-03
4.062265157699584961e-03
4.003929439932107925e-03
3.677820786833763123e-03
3.087367396801710129e-03
3.148433286696672440e-03
3.348280675709247589e-03
4.415032919496297836e-03
3.799343481659889221e-03
4.893294069916009903e-03
3.596642985939979553e-03
3.318809205666184425e-03
4.522768780589103699e-03
4.237525630742311478e-03
4.679422359913587570e-03
3.479280741885304451e-03
3.266543149948120117e-03
3.955056890845298767e-03
4.485700745135545731e-03
3.598755924031138420e-03
3.699886612594127655e-03
3.545573214069008827e-03
3.359064692631363869e-03
3.864257363602519035e-03
4.152949899435043335e-03
4.817270673811435699e-03
3.961742855608463287e-03
4.752759821712970734e-03
3.765130648389458656e-03
3.258557058870792389e-03
4.076445009559392929e-03
4.806589335203170776e-03
4.181568045169115067e-03
3.983475733548402786e-03
3.339001210406422615e-03
3.618535352870821953e-03
3.999473992735147476e-03
4.276835359632968903e-03
2.907569753006100655e-03
3.536804579198360443e-03
4.148969426751136780e-03
4.145599901676177979e-03
3.666035830974578857e-03
5.260373000055551529e-03
3.470181953161954880e-03
3.250184934586286545e-03
4.427458625286817551e-03
4.092356190085411072e-03
4.406246356666088104e-03
4.769075196236371994e-03
4.082540515810251236e-03
2.905767410993576050e-03
3.921904135495424271e-03
3.812028793618083000e-03
4.724002443253993988e-03
4.236708395183086395e-03
3.595300484448671341e-03
3.598052775487303734e-03
4.362763836979866028e-03
3.975117113441228867e-03
3.136814339086413383e-03
3.405052935704588890e-03
4.252319224178791046e-03
4.736064001917839050e-03
3.615972818806767464e-03
3.992480225861072540e-03
3.380615031346678734e-03
4.263132810592651367e-03
4.761293530464172363e-03
4.532101098448038101e-03
3.378293244168162346e-03
4.435914102941751480e-03
3.059994615614414215e-02
4.411963745951652527e-03
3.417356172576546669e-03
3.505158703774213791e-03
4.052552394568920135e-03
4.392034839838743210e-03
3.881828393787145615e-03
3.570086788386106491e-03
3.444340778514742851e-03
4.062181338667869568e-03
3.728490555658936501e-03
3.635344561189413071e-03
4.120352212339639664e-03
3.803898114711046219e-03
4.251255653798580170e-03
4.655815195292234421e-03
3.683420596644282341e-03
4.296538885682821274e-03
4.239009227603673935e-03
4.321898333728313446e-03
3.849249798804521561e-03
3.666321747004985809e-03
3.796484787017107010e-03
3.060512710362672806e-03
5.012142471969127655e-03
4.453242290765047073e-03
2.906359499320387840e-03
4.303505178540945053e-03
3.768019843846559525e-03
2.575759775936603546e-03
4.156890790909528732e-03
3.136980580165982246e-03
4.136823583394289017e-03
4.070185124874114990e-03
3.407099749892950058e-03
3.769964678213000298e-03
4.279016051441431046e-03
3.563396167010068893e-03
4.166836384683847427e-03
4.935484845191240311e-03
3.669991856440901756e-03
3.922703675925731659e-03
4.332972690463066101e-03
3.722924040630459785e-03
3.815825330093502998e-03
3.848378080874681473e-03
4.115410149097442627e-03
4.374928772449493408e-03
3.320796182379126549e-03
3.935251850634813309e-03
3.958035726100206375e-03
3.439774969592690468e-03
3.469899296760559082e-03
3.888171631842851639e-03
4.091529175639152527e-03
4.331239499151706696e-03
4.350255243480205536e-03
3.947646822780370712e-03
3.292707959190011024e-03
3.660119604319334030e-03
4.010892007499933243e-03
4.151645116508007050e-03
4.623313900083303452e-03
3.917478024959564209e-03
4.502443131059408188e-03
3.786329645663499832e-03
4.102897830307483673e-03
5.116329994052648544e-03
3.328409278765320778e-03
4.055802244693040848e-03
