1.032129046507179737e-03
1.251196488738059998e-03
1.099905348382890224e-03
8.360234205611050129e-04
1.252772286534309387e-03
1.112236175686120987e-03
1.055361935868859291e-03
1.100632594898343086e-03
1.329468213953077793e-03
1.115085906349122524e-03
1.129187061451375484e-03
1.025666482746601105e-03
1.126794610172510147e-03
1.356202643364667892e-03
1.419430016539990902e-03
1.077682478353381157e-03
1.312970300205051899e-03
9.680776856839656830e-04
1.273714122362434864e-03
7.360623567365109921e-04
9.876352269202470779e-04
1.108845812268555164e-03
1.228620531037449837e-03
9.584416984580457211e-04
1.423337031155824661e-03
1.247965497896075249e-03
1.017450005747377872e-03
8.913503261283040047e-04
1.184753724373877048e-03
1.037849811837077141e-03
1.404710579663515091e-03
9.791440097615122795e-04
1.428414485417306423e-03
1.303652185015380383e-03
8.699448662810027599e-04
9.977278532460331917e-04
1.339734648354351521e-03
1.117627019993960857e-03
1.048684585839509964e-03
1.028543687425553799e-03
8.547739125788211823e-04
1.079802168533205986e-03
9.157810709439218044e-04
8.294316357932984829e-04
1.153743942268192768e-03
1.157896476797759533e-03
1.236911746673285961e-03
1.071141334250569344e-03
1.201864448375999928e-03
1.306393416598439217e-03
1.110640005208551884e-03
1.085706404410302639e-03
8.619343279860913754e-04
1.266829902306199074e-03
9.855726966634392738e-04
8.387005073018372059e-04
1.200506929308176041e-03
9.812969947233796120e-04
9.875658433884382248e-04
1.154414843767881393e-03
9.907386265695095062e-04
1.200034166686236858e-03
1.281732227653264999e-03
8.816332556307315826e-04
8.671554387547075748e-04
1.103424001485109329e-03
8.913644123822450638e-04
1.369054312817752361e-03
8.910113829188048840e-04
1.139503088779747486e-03
1.078934641554951668e-03
9.516368736512959003e-04
1.045974669978022575e-03
8.720241603441536427e-04
8.859517402015626431e-04
8.092894568108022213e-04
1.152666867710649967e-03
1.338392146863043308e-03
1.078017638064920902e-03
9.097479633055627346e-04
8.899041567929089069e-04
1.149256830103695393e-03
1.154000638052821159e-03
9.475171682424843311e-04
1.024512224830687046e-03
1.467040157876908779e-03
8.341494831256568432e-04
1.053443993441760540e-03
1.114622340537607670e-03
1.463270746171474457e-03
1.047176774591207504e-03
1.171953976154327393e-03
1.082782400771975517e-03
1.542701269499957561e-03
1.236365293152630329e-03
1.024815486744046211e-03
1.139591215178370476e-03
9.017228148877620697e-04
1.025627483613789082e-03
1.018250943161547184e-03
1.206297660246491432e-03
1.191730494610965252e-03
1.204633736051619053e-03
1.572806737385690212e-03
8.483438286930322647e-04
1.191176241263747215e-03
1.098912674933671951e-03
1.097188331186771393e-03
1.205848646350204945e-03
8.392350864596664906e-04
1.244859304279088974e-03
1.049890299327671528e-03
8.683865889906883240e-04
1.205617096275091171e-03
1.157997408881783485e-03
1.122079906053841114e-03
8.839182555675506592e-04
1.320425537414848804e-03
1.335537293925881386e-03
1.285157050006091595e-03
1.082520931959152222e-03
1.205619075335562229e-03
1.327365054748952389e-03
8.498086244799196720e-04
9.346622973680496216e-04
1.051557133905589581e-03
1.041041570715606213e-03
1.103707705624401569e-03
1.164561952464282513e-03
1.181799801997840405e-03
9.949961677193641663e-04
1.167777809314429760e-03
1.001013792119920254e-03
1.302881399169564247e-03
1.417846535332500935e-03
1.203072490170598030e-03
1.037277630530297756e-03
1.146965660154819489e-03
1.271149376407265663e-03
1.116649247705936432e-03
1.004136516712605953e-03
1.507122186012566090e-03
1.255799084901809692e-03
1.512485905550420284e-03
8.995128446258604527e-04
1.188798691146075726e-03
1.180984545499086380e-03
8.964817388914525509e-04
1.150486059486865997e-03
1.175397657789289951e-03
8.311841520480811596e-04
1.500388840213418007e-03
1.090731471776962280e-03
1.043478841893374920e-03
9.152306593023240566e-04
1.477205660194158554e-03
1.143615809269249439e-03
1.304925885051488876e-03
1.049210201017558575e-03
1.170283881947398186e-03
9.950628736987709999e-04
1.237884745933115482e-03
1.175987417809665203e-03
1.104509341530501842e-03
1.445561530999839306e-03
1.010256004519760609e-03
1.034840242937207222e-03
9.712688624858856201e-04
1.185001805424690247e-03
9.804788278415799141e-04
9.129556710831820965e-04
1.168927759863436222e-03
8.881153189577162266e-04
1.035583089105784893e-03
9.143262286670506001e-04
9.020433062687516212e-04
9.940005838871002197e-04
1.179604441858828068e-03
1.029468839988112450e-03
1.333466265350580215e-03
1.248442917130887508e-03
1.096806605346500874e-03
1.296106609515845776e-03
1.102718408219516277e-03
8.154893876053392887e-04
1.018695649690926075e-03
8.632754907011985779e-04
9.502283646725118160e-04
1.031558262184262276e-03
1.220658188685774803e-03
1.027872320264577866e-03
1.244496554136276245e-03
8.878172375261783600e-04
1.184196094982326031e-03
1.113483682274818420e-03
1.426639850251376629e-03
9.720678790472447872e-04
1.222055754624307156e-03
9.448296041227877140e-04
1.105348113924264908e-03
8.919753599911928177e-04
1.304705045185983181e-03
1.232566428370773792e-03
1.133254263550043106e-03
9.781114058569073677e-04
1.181811094284057617e-03
9.200920467264950275e-04
9.158539469353854656e-04
8.998217526823282242e-04
1.168520771898329258e-03
1.105532166548073292e-03
1.054386841133236885e-03
9.935762500390410423e-04
1.171702519059181213e-03
1.106575015000998974e-03
8.777051116339862347e-04
1.190602313727140427e-03
1.391157857142388821e-03
1.117772655561566353e-03
1.330859027802944183e-03
1.302039832808077335e-03
1.174128614366054535e-03
1.126308110542595387e-03
1.661428832449018955e-03
1.235064701177179813e-03
1.021389500238001347e-03
9.426248143427073956e-04
8.577575790695846081e-04
9.844101732596755028e-04
1.007631653919816017e-03
1.216962118633091450e-03
1.046785502694547176e-03
9.232978918589651585e-04
1.263448502868413925e-03
1.342115807346999645e-03
9.664125973358750343e-04
1.066190772689878941e-03
8.930883486755192280e-04
1.033515669405460358e-03
8.586983312852680683e-04
1.573738642036914825e-03
1.032930216751992702e-03
1.062798779457807541e-03
1.040837494656443596e-03
1.171082025393843651e-03
1.085590803995728493e-03
1.110178185626864433e-03
9.560017497278749943e-04
1.186018809676170349e-03
1.125272712670266628e-03
1.325327088125050068e-03
1.105397590436041355e-03
1.060451962985098362e-03
9.492511162534356117e-04
1.324046752415597439e-03
1.270377775654196739e-03
1.223696628585457802e-03
1.331352861598134041e-03
1.502018538303673267e-03
9.400689741596579552e-04
8.222720352932810783e-04
1.072851126082241535e-03
1.026330632157623768e-03
1.151803648099303246e-03
8.398956852033734322e-04
1.052348292432725430e-03
9.000910213217139244e-04
1.396468840539455414e-03
9.865687461569905281e-04
1.192115712910890579e-03
9.145263466052711010e-04
9.328392916359007359e-04
1.263054669834673405e-03
1.024306169711053371e-03
1.184997032396495342e-03
1.352794235572218895e-03
1.183687010779976845e-03
1.073553110472857952e-03
1.421482418663799763e-03
9.035262628458440304e-04
9.718468063510954380e-04
8.077896200120449066e-04
7.335222908295691013e-04
1.187658752314746380e-03
1.258128439076244831e-03
1.081750146113336086e-03
1.090681646019220352e-03
1.417873078025877476e-03
8.599521243013441563e-04
1.135221915319561958e-03
1.129434444010257721e-03
1.039558323100209236e-03
9.768566815182566643e-04
1.078340224921703339e-03
1.272144610993564129e-03
1.115572405979037285e-03
1.045788987539708614e-03
8.952595526352524757e-04
1.131004421040415764e-03
1.534757204353809357e-03
9.564938955008983612e-04
1.277149654924869537e-03
1.234612194821238518e-03
1.028040423989295959e-03
1.157864578999578953e-03
8.498584502376616001e-04
1.044100616127252579e-03
1.597664668224751949e-03
1.142756547778844833e-03
1.082827220670878887e-03
1.497042365372180939e-03
1.444804831407964230e-03
1.166122616268694401e-03
1.022112206555902958e-03
1.099321409128606319e-03
1.229786197654902935e-03
1.301955548115074635e-03
1.173209748230874538e-03
9.868143824860453606e-04
1.207614550366997719e-03
9.811570635065436363e-04
1.060783513821661472e-03
1.235147821716964245e-03
9.985249489545822144e-04
1.275644055567681789e-03
9.934240952134132385e-04
1.154216704890131950e-03
9.983474155887961388e-04
1.301790936850011349e-03
1.153211807832121849e-03
9.900697041302919388e-04
8.678662125021219254e-04
1.192563096992671490e-03
9.875901741907000542e-04
1.013930537737905979e-03
1.096360501833260059e-03
1.188734197057783604e-03
1.066508935764431953e-03
1.032976782880723476e-03
1.186673645861446857e-03
1.021984731778502464e-03
1.294173882342875004e-03
1.283751218579709530e-03
1.042804564349353313e-03
1.029754988849163055e-03
1.203443505801260471e-03
1.254341332241892815e-03
8.585934992879629135e-04
8.084008586592972279e-04
1.106125419028103352e-03
1.014706096611917019e-03
1.194823300465941429e-03
1.146000809967517853e-03
1.186295878142118454e-03
1.341266790404915810e-03
1.028628204949200153e-03
1.273691072128713131e-03
1.119581051170825958e-03
1.151582808233797550e-03
1.134008751250803471e-03
8.940270054154098034e-04
1.040410948917269707e-03
1.107377582229673862e-03
8.633526740595698357e-04
8.795632165856659412e-04
1.027125166729092598e-03
8.994162199087440968e-04
1.000439049676060677e-03
8.039458189159631729e-04
8.612307137809693813e-04
9.606348467059433460e-04
1.280296011827886105e-03
1.335972920060157776e-03
1.159737468697130680e-03
1.396198291331529617e-03
1.342454343102872372e-03
9.413996594958007336e-04
1.047843252308666706e-03
9.208620176650583744e-04
8.243834599852561951e-04
1.208920381031930447e-03
1.082804519683122635e-03
7.793778204359114170e-04
1.317713642492890358e-03
1.097319764085114002e-03
1.010108739137649536e-03
1.294053625315427780e-03
1.244682702235877514e-03
1.189980655908584595e-03
8.746070670895278454e-04
1.222847844474017620e-03
8.307647076435387135e-04
9.049685904756188393e-04
7.852088892832398415e-04
1.004917081445455551e-03
1.084576128050684929e-03
1.048623933456838131e-03
1.033925567753612995e-03
1.209022011607885361e-03
1.198681886307895184e-03
1.152583514340221882e-03
1.288537401705980301e-03
1.084520597942173481e-03
9.863813174888491631e-04
1.542165060527622700e-03
1.352786901406943798e-03
1.506375498138368130e-03
1.124206231907010078e-03
1.318613067269325256e-03
1.031664782203733921e-03
1.160275889560580254e-03
1.191819901578128338e-03
1.099681830964982510e-03
1.206115935929119587e-03
1.292356406338512897e-03
1.080152695067226887e-03
1.215321244671940804e-03
1.083067269064486027e-03
1.321199815720319748e-03
1.086942502297461033e-03
9.653989109210669994e-04
9.291214519180357456e-04
1.180929131805896759e-03
9.480037842877209187e-04
1.160114305093884468e-03
1.271600718609988689e-03
8.771315333433449268e-04
1.504176296293735504e-03
9.970086393877863884e-04
1.370877958834171295e-03
1.142441062256693840e-03
1.145147718489170074e-03
1.130208838731050491e-03
1.021863077767193317e-03
9.780465625226497650e-04
9.628888801671564579e-04
1.280599855817854404e-03
9.998556924983859062e-04
1.468117116019129753e-03
1.205214764922857285e-03
1.190306618809700012e-03
1.104043330997228622e-03
1.150997821241617203e-03
9.574352880008518696e-04
1.302576973102986813e-03
1.038820249959826469e-03
1.079266658052802086e-03
1.251958427019417286e-03
8.637891733087599277e-04
1.067144097760319710e-03
1.062494004145264626e-03
1.092369551770389080e-03
1.502213533967733383e-03
9.373052744194865227e-04
1.014966517686843872e-03
1.377533422783017159e-03
1.113176462240517139e-03
8.096889359876513481e-04
1.125942915678024292e-03
7.015796727500855923e-04
1.000630203634500504e-03
1.565948361530900002e-03
1.038568210788071156e-03
1.476437668316066265e-03
1.016013324260711670e-03
9.091183310374617577e-04
1.133520039729773998e-03
9.848052868619561195e-04
1.479489030316472054e-03
9.420461137779057026e-04
9.470682707615196705e-04
1.031103311106562614e-03
1.103187212720513344e-03
1.079899724572896957e-03
1.308103092014789581e-03
1.279511721804738045e-03
1.143116620369255543e-03
1.422188943251967430e-03
9.396109962835907936e-04
1.259545097127556801e-03
1.184563967399299145e-03
1.583853387273848057e-03
9.323804988525807858e-04
1.067200559191405773e-03
1.511053880676627159e-03
1.307778409682214260e-03
8.847696590237319469e-04
9.596008458174765110e-04
1.235742121934890747e-03
1.358391484245657921e-03
8.833624888211488724e-04
1.464467379264533520e-03
7.242698338814079762e-04
1.159277046099305153e-03
1.006472040899097919e-03
1.680164481513202190e-03
9.359314572066068649e-04
8.691952098160982132e-04
1.039033755660057068e-03
1.017347094602882862e-03
1.507606706582009792e-03
1.083219889551401138e-03
1.071743085049092770e-03
1.257079420611262321e-03
1.094380277208983898e-03
8.323958027176558971e-04
9.923743782564997673e-04
8.667656220495700836e-04
1.213116338476538658e-03
1.103805378079414368e-03
1.154379337094724178e-03
1.362210605293512344e-03
8.912531775422394276e-04
1.218593097291886806e-03
1.190840499475598335e-03
9.562644991092383862e-04
9.421515278518199921e-04
1.162798842415213585e-03
9.171096608042716980e-04
1.016815425828099251e-03
1.389737823046743870e-03
1.284929458051919937e-03
9.023193852044641972e-04
1.108733820728957653e-03
1.128126401454210281e-03
1.083289622329175472e-03
9.774183854460716248e-04
8.670898969285190105e-04
1.324876444414258003e-03
1.491610659286379814e-03
9.956952417269349098e-04
9.542711777612566948e-04
1.122402492910623550e-03
1.164112007245421410e-03
1.186323352158069611e-03
1.040765200741589069e-03
9.636748582124710083e-04
1.374105224385857582e-03
9.369747713208198547e-04
1.076823915354907513e-03
1.167614012956619263e-03
8.765623206272721291e-04
9.803827852010726929e-04
9.757615043781697750e-04
1.319625414907932281e-03
1.061362330801784992e-03
9.432751103304326534e-04
1.320622744970023632e-03
1.160256331786513329e-03
1.147545641288161278e-03
1.309752929955720901e-03
9.343237034045159817e-04
1.111673773266375065e-03
1.060832990333437920e-03
8.596731349825859070e-04
1.209929469041526318e-03
1.101571251638233662e-03
1.223841914907097816e-03
1.021441654302179813e-03
9.695721673779189587e-04
9.463360765948891640e-04
8.507379097864031792e-04
1.161457388661801815e-03
1.220832462422549725e-03
9.589084074832499027e-04
9.294738993048667908e-04
1.298254937864840031e-03
1.094002975150942802e-03
1.015626592561602592e-03
9.737984510138630867e-04
9.030032088048756123e-04
1.184759312309324741e-03
9.649158455431461334e-04
9.570522815920412540e-04
1.086792559362947941e-03
1.119455671869218349e-03
7.850162801332771778e-04
9.847600013017654419e-04
1.116411993280053139e-03
1.388467266224324703e-03
1.255292096175253391e-03
1.062971539795398712e-03
1.111380988731980324e-03
9.539823513478040695e-04
9.289900772273540497e-04
1.096648513339459896e-03
9.856990072876214981e-04
1.371431164443492889e-03
8.639117586426436901e-04
7.373548578470945358e-04
1.095926738344132900e-03
1.263859914615750313e-03
1.118699787184596062e-03
8.667617803439497948e-04
1.467115129344165325e-03
9.046326158568263054e-04
8.505105506628751755e-04
1.030997605994343758e-03
1.053715706802904606e-03
1.310067833401262760e-03
1.122296554967761040e-03
1.067968318238854408e-03
9.051391389220952988e-04
9.759853710420429707e-04
9.966947836801409721e-04
1.196768251247704029e-03
1.032163738273084164e-03
9.513504919596016407e-04
1.182644860818982124e-03
1.358437002636492252e-03
1.001964323222637177e-03
1.511271577328443527e-03
1.224763109348714352e-03
1.104565919376909733e-03
9.957844158634543419e-04
1.082428963854908943e-03
1.097495551221072674e-03
9.538801386952400208e-04
9.898684220388531685e-04
1.187120913527905941e-03
1.122531015425920486e-03
1.372790429741144180e-03
8.762680809013545513e-04
1.115821418352425098e-03
1.018611714243888855e-03
1.184401684440672398e-03
1.250935602001845837e-03
1.170390518382191658e-03
1.177366357296705246e-03
1.247733365744352341e-03
1.067260280251502991e-03
1.077617984265089035e-03
1.150567666627466679e-03
8.045035065151751041e-04
1.188654219731688499e-03
8.754731388762593269e-04
1.114811166189610958e-03
1.172486110590398312e-03
1.043278956785798073e-03
1.193508272990584373e-03
1.239220378920435905e-03
9.741732501424849033e-04
1.532272319309413433e-03
1.067424658685922623e-03
1.081860507838428020e-03
1.093552215024828911e-03
1.416438608430325985e-03
1.029777457006275654e-03
1.042385585606098175e-03
1.494640018790960312e-03
9.175332379527390003e-04
9.829910704866051674e-04
1.181290135718882084e-03
7.858774042688310146e-04
9.245568653568625450e-04
1.318049733527004719e-03
1.282279961742460728e-03
1.221438986249268055e-03
8.312863064929842949e-04
1.117431558668613434e-03
9.625657694414258003e-04
1.286632614210247993e-03
1.596373855136334896e-03
7.818875019438564777e-04
1.089583616703748703e-03
1.050436054356396198e-03
1.250663422979414463e-03
1.031271531246602535e-03
8.438362274318933487e-04
8.647821960039436817e-04
1.418313593603670597e-03
9.338541422039270401e-04
1.362196169793605804e-03
1.240074168890714645e-03
1.120836939662694931e-03
9.735915809869766235e-04
8.107584435492753983e-04
1.223276718519628048e-03
1.091541256755590439e-03
1.352507155388593674e-03
1.305697951465845108e-03
1.067994395270943642e-03
1.372316735796630383e-03
1.159777282737195492e-03
7.398404413834214211e-04
9.986805962398648262e-04
1.014840789139270782e-03
8.264798088930547237e-04
9.828875772655010223e-04
1.492130104452371597e-03
1.427035662345588207e-03
1.012867782264947891e-03
1.168425660580396652e-03
9.751984616741538048e-04
1.194009906612336636e-03
1.080865622498095036e-03
9.755605715326964855e-04
1.024219556711614132e-03
9.745475836098194122e-04
1.251439098268747330e-03
1.448891940526664257e-03
1.058840309269726276e-03
8.192986133508384228e-04
1.079525565728545189e-03
1.289153937250375748e-03
1.022974494844675064e-03
1.106811454519629478e-03
9.747432195581495762e-04
1.162965549156069756e-03
1.508923596702516079e-03
1.219242112711071968e-03
1.142597291618585587e-03
8.982962463051080704e-04
1.135750091634690762e-03
1.013829256407916546e-03
1.141593558713793755e-03
1.102564623579382896e-03
1.103376387618482113e-03
1.075776992365717888e-03
7.812475087121129036e-04
1.006737467832863331e-03
8.230259991250932217e-04
8.922888664528727531e-04
1.222689636051654816e-03
1.217460143379867077e-03
1.398375956341624260e-03
1.447204384021461010e-03
1.270669046789407730e-03
1.058918656781315804e-03
1.013111090287566185e-03
1.259384443983435631e-03
1.102983602322638035e-03
1.061405870132148266e-03
1.094511360861361027e-03
1.017740927636623383e-03
1.140716020017862320e-03
1.001205295324325562e-03
9.641628130339086056e-04
9.685815311968326569e-04
6.736975628882646561e-04
9.705948759801685810e-04
1.241890131495893002e-03
1.268511987291276455e-03
1.253696857020258904e-03
8.420807425864040852e-04
1.028114580549299717e-03
1.113505335524678230e-03
8.075367659330368042e-04
9.968989761546254158e-04
1.316741458140313625e-03
1.054995460435748100e-03
1.197693753056228161e-03
1.319216564297676086e-03
9.989565005525946617e-04
1.194806303828954697e-03
1.161601743660867214e-03
9.410576312802731991e-04
9.974460117518901825e-04
1.049124053679406643e-03
9.929306106641888618e-04
8.387441048398613930e-04
1.100785331800580025e-03
1.352594350464642048e-03
1.227856264449656010e-03
1.281935721635818481e-03
1.094987965188920498e-03
1.167305745184421539e-03
1.240636571310460567e-03
1.404975540935993195e-03
9.283886174671351910e-04
1.241946942172944546e-03
1.206988585181534290e-03
9.984634816646575928e-04
1.153275487013161182e-03
1.199834281578660011e-03
8.435819763690233231e-04
1.144357142038643360e-03
8.014984778128564358e-04
1.087153446860611439e-03
8.434038027189671993e-04
1.069889171048998833e-03
9.990039980039000511e-04
9.563089115545153618e-04
1.064776326529681683e-03
1.113155740313231945e-03
1.075591426342725754e-03
1.363618881441652775e-03
1.270276261493563652e-03
1.213128911331295967e-03
1.047507743351161480e-03
9.720688103698194027e-04
1.006821985356509686e-03
1.295840367674827576e-03
1.084704999811947346e-03
1.033749082125723362e-03
9.429492638446390629e-04
9.401757270097732544e-04
8.391419542022049427e-04
1.028675585985183716e-03
8.809791179373860359e-04
1.140641979873180389e-03
1.079122768715023994e-03
1.052989740855991840e-03
1.265597296878695488e-03
1.095705782063305378e-03
1.043315627612173557e-03
1.171266660094261169e-03
1.007686951197683811e-03
1.203057123348116875e-03
1.242467202246189117e-03
8.523969445377588272e-04
8.058865205384790897e-04
1.109774922952055931e-03
1.166126923635601997e-03
1.107394578866660595e-03
1.101585919968783855e-03
1.127348747104406357e-03
9.145502117462456226e-04
1.040804083459079266e-03
9.863337036222219467e-04
1.294565387070178986e-03
7.910569547675549984e-04
8.041379041969776154e-04
1.038030139170587063e-03
1.008540042676031590e-03
1.016605994664132595e-03
1.126108691096305847e-03
1.029921812005341053e-03
9.483367903158068657e-04
1.127701136283576488e-03
1.095386920496821404e-03
1.042676973156630993e-03
1.333244261331856251e-03
1.008595572784543037e-03
1.070360071025788784e-03
1.326185534708201885e-03
9.321486577391624451e-04
1.048464910127222538e-03
8.468896267004311085e-04
9.545964421704411507e-04
1.166344620287418365e-03
1.122528803534805775e-03
7.932302542030811310e-04
1.017036149278283119e-03
1.368130790069699287e-03
9.118775487877428532e-04
9.949217783287167549e-04
1.098676584661006927e-03
1.405963790602982044e-03
7.643827120773494244e-04
1.381939626298844814e-03
8.081328705884516239e-04
9.567946544848382473e-04
9.530572569929063320e-04
1.177817350253462791e-03
8.612023666501045227e-04
1.188459224067628384e-03
9.609344997443258762e-04
9.070927044376730919e-04
9.981873445212841034e-04
1.144554931670427322e-03
1.176660065539181232e-03
1.184238237328827381e-03
9.636559989303350449e-04
1.239478355273604393e-03
1.715348567813634872e-03
1.294207177124917507e-03
1.192665076814591885e-03
1.104644034057855606e-03
1.114831073209643364e-03
1.084854360669851303e-03
8.947015739977359772e-04
1.571676693856716156e-03
9.820195846259593964e-04
1.005467725917696953e-03
1.220837351866066456e-03
9.680577204562723637e-04
9.337917435914278030e-04
1.176508842036128044e-03
9.796867379918694496e-04
1.088533201254904270e-03
1.142185763455927372e-03
1.129784155637025833e-03
1.617273897863924503e-03
1.004412653855979443e-03
1.263364800252020359e-03
9.814874501898884773e-04
1.119024818763136864e-03
9.902137098833918571e-04
1.199863152578473091e-03
1.390328397974371910e-03
1.112976577132940292e-03
1.021320465952157974e-03
1.202006707899272442e-03
9.421911090612411499e-04
1.284557743929326534e-03
1.080102520063519478e-03
1.167541020549833775e-03
1.358833396807312965e-03
9.628332918509840965e-04
