1.020436291582882404e-03
1.211374532431364059e-03
1.266096252948045731e-03
1.046598306857049465e-03
1.075887586921453476e-03
1.041914802044630051e-03
1.022139098495244980e-03
1.351399230770766735e-03
1.177794067189097404e-03
9.800037369132041931e-04
1.141638262197375298e-03
1.119627151638269424e-03
1.193720614537596703e-03
9.434968233108520508e-04
9.491688106209039688e-04
9.224535897374153137e-04
1.089297235012054443e-03
1.162228058092296124e-03
1.246616942808032036e-03
9.697523200884461403e-04
1.019044779241085052e-03
1.090883160941302776e-03
1.166529138572514057e-03
1.151387812569737434e-03
1.141541870310902596e-03
1.231137779541313648e-03
1.104262075386941433e-03
1.190239679999649525e-03
9.556167642585933208e-04
1.033053849823772907e-03
9.227616246789693832e-04
1.214181538671255112e-03
1.298147952184081078e-03
1.072270446456968784e-03
1.145493355579674244e-03
9.424330200999975204e-04
1.164078712463378906e-03
9.256158955395221710e-04
9.551055263727903366e-04
1.020328258164227009e-03
1.136599341407418251e-03
9.566101944074034691e-04
9.960392490029335022e-04
9.888996137306094170e-04
1.065685995854437351e-03
9.631745051592588425e-04
1.322403899393975735e-03
1.123163267038762569e-03
1.152405049651861191e-03
1.124276896007359028e-03
1.004713005386292934e-03
1.164242392405867577e-03
1.389131299220025539e-03
1.248968415893614292e-03
1.210357062518596649e-03
1.023164484649896622e-03
9.690294391475617886e-04
1.100915484130382538e-03
1.230776892043650150e-03
9.647408151067793369e-04
1.013708882965147495e-03
8.913684869185090065e-04
1.267472747713327408e-03
1.143882516771554947e-03
1.008820137940347195e-03
1.227584201842546463e-03
1.118342392146587372e-03
1.073943101800978184e-03
1.147393602877855301e-03
1.257442752830684185e-03
1.009874744340777397e-03
9.854187956079840660e-04
1.200902042910456657e-03
8.035772480070590973e-04
1.222403952851891518e-03
1.180369406938552856e-03
1.138375373557209969e-03
1.162760192528367043e-03
1.290052779950201511e-03
1.085992320440709591e-03
1.135143102146685123e-03
1.060748239979147911e-03
1.206440734677016735e-03
1.231813570484519005e-03
9.158330503851175308e-04
9.913170943036675453e-04
1.093844068236649036e-03
1.271279179491102695e-03
1.114924903959035873e-03
1.012272783555090427e-03
1.087198150344192982e-03
1.172282383777201176e-03
1.043529948219656944e-03
1.174390898086130619e-03
1.120446366257965565e-03
1.000967458821833134e-03
1.240312703885138035e-03
9.851381182670593262e-04
8.601566078141331673e-04
1.076168846338987350e-03
1.175250159576535225e-03
1.082948641851544380e-03
9.983851341530680656e-04
1.082153990864753723e-03
1.031021703965961933e-03
9.132579434663057327e-04
1.080326968804001808e-03
1.075953012332320213e-03
1.204325701110064983e-03
1.159024890512228012e-03
1.231420086696743965e-03
9.305672137998044491e-04
1.215216703712940216e-03
1.069060876034200191e-03
1.158240949735045433e-03
1.052853302098810673e-03
1.228813198395073414e-03
1.109898439608514309e-03
1.216651289723813534e-03
8.916537626646459103e-04
1.039294642396271229e-03
1.069714780896902084e-03
1.151637756265699863e-03
8.807330159470438957e-04
1.185071538202464581e-03
1.083372626453638077e-03
1.023415941745042801e-03
1.314918859861791134e-03
1.235979492776095867e-03
9.992076084017753601e-04
1.094005419872701168e-03
1.050156541168689728e-03
1.087020384147763252e-03
1.083339680917561054e-03
1.184749300591647625e-03
1.160072162747383118e-03
1.335802255198359489e-03
1.077804248780012131e-03
1.243001199327409267e-03
1.155207981355488300e-03
1.189473434351384640e-03
1.085661584511399269e-03
1.278791227377951145e-03
1.089406083337962627e-03
1.314040273427963257e-03
8.627599454484879971e-04
1.048373291268944740e-03
1.074238098226487637e-03
1.231611822731792927e-03
9.838591795414686203e-04
8.773787412792444229e-04
9.805494919419288635e-04
1.033056993037462234e-03
1.268519554287195206e-03
1.087943324819207191e-03
1.278754323720932007e-03
1.002473873086273670e-03
9.800390107557177544e-04
1.194893964566290379e-03
1.047051395289599895e-03
1.064715208485722542e-03
1.122400630265474319e-03
1.079745590686798096e-03
9.391953935846686363e-04
1.054144115187227726e-03
1.122885500080883503e-03
1.141283311881124973e-03
9.045801707543432713e-04
1.096422784030437469e-03
1.069287653081119061e-03
1.189606729894876480e-03
1.160450279712677002e-03
1.280019641853868961e-03
1.053588930517435074e-03
1.070221187546849251e-03
1.101811765693128109e-03
1.253776019439101219e-03
1.215300173498690128e-03
9.205093374475836754e-04
1.091087935492396355e-03
1.210531219840049744e-03
9.709070436656475067e-04
1.120745902881026268e-03
1.169119612313807011e-03
1.182560576125979424e-03
1.115009887143969536e-03
1.080914400517940521e-03
1.103010610677301884e-03
9.958000155165791512e-04
1.239266828633844852e-03
9.879231220111250877e-04
1.055090688169002533e-03
1.259514130651950836e-03
8.685108041390776634e-04
1.219543628394603729e-03
1.082824659533798695e-03
1.072254963219165802e-03
9.977751178666949272e-04
1.147851813584566116e-03
1.012221327982842922e-03
8.620912558399140835e-04
1.116297557018697262e-03
1.106115756556391716e-03
8.466065046377480030e-04
1.014869660139083862e-03
1.232893206179141998e-03
1.147496281191706657e-03
1.220352714881300926e-03
1.003271318040788174e-03
1.026215148158371449e-03
1.088618882931768894e-03
9.743520058691501617e-04
1.158827450126409531e-03
1.273564295843243599e-03
1.292340690270066261e-03
1.152661861851811409e-03
1.099277171306312084e-03
1.175507786683738232e-03
1.046218210831284523e-03
1.298300107009708881e-03
1.258813077583909035e-03
1.271831803023815155e-03
1.104148919694125652e-03
1.069386024028062820e-03
9.296871139667928219e-04
1.000667805783450603e-03
1.005164813250303268e-03
9.138594614341855049e-04
9.891674853861331940e-04
1.072148908860981464e-03
9.421722497791051865e-04
1.161932363174855709e-03
1.087030628696084023e-03
1.133990474045276642e-03
9.467686759307980537e-04
1.110228709876537323e-03
1.293904730118811131e-03
1.106844982132315636e-03
1.017329050227999687e-03
1.137995277531445026e-03
1.132447388954460621e-03
1.037160749547183514e-03
1.193436793982982635e-03
1.022199168801307678e-03
1.089322264306247234e-03
9.209484560415148735e-04
9.609261178411543369e-04
1.119768130593001842e-03
1.082953182049095631e-03
1.105382572859525681e-03
1.163414213806390762e-03
1.076511922292411327e-03
1.082546426914632320e-03
1.104422728531062603e-03
1.123304828070104122e-03
1.102250069379806519e-03
1.008988707326352596e-03
1.200655708089470863e-03
1.039707218296825886e-03
1.061314251273870468e-03
1.302350778132677078e-03
1.253370661288499832e-03
1.041588606312870979e-03
1.286064973101019859e-03
9.066729107871651649e-04
1.180769759230315685e-03
1.058327732607722282e-03
1.167419832199811935e-03
1.146556111052632332e-03
1.289737527258694172e-03
1.192420953884720802e-03
1.009650295600295067e-03
9.752270998433232307e-04
1.145556103438138962e-03
9.817777900025248528e-04
9.865656029433012009e-04
9.164265939034521580e-04
1.080781454220414162e-03
1.017431146465241909e-03
1.002017990685999393e-03
1.105084200389683247e-03
1.407128176651895046e-03
1.106539042666554451e-03
1.221950282342731953e-03
1.084617921151220798e-03
1.401929650455713272e-03
1.158533035777509212e-03
1.094033592380583286e-03
1.115455059334635735e-03
1.044410513713955879e-03
1.216438948176801205e-03
1.046782243065536022e-03
1.134469523094594479e-03
1.128725241869688034e-03
9.888374479487538338e-04
1.101490342989563942e-03
1.107410877011716366e-03
1.145308604463934898e-03
1.263085519894957542e-03
9.737251675687730312e-04
1.086230739019811153e-03
1.018322189338505268e-03
1.082505099475383759e-03
1.046741497702896595e-03
1.109530800022184849e-03
1.035056775435805321e-03
9.785437723621726036e-04
1.263561774976551533e-03
1.200013211928308010e-03
9.906716877594590187e-04
9.453007951378822327e-04
9.892003145068883896e-04
1.122430898249149323e-03
1.153677352704107761e-03
1.097621978260576725e-03
1.017017057165503502e-03
1.061873976141214371e-03
1.071930979378521442e-03
1.224995125085115433e-03
1.050960971042513847e-03
1.204910571686923504e-03
1.178456470370292664e-03
1.085698720999062061e-03
1.067108241841197014e-03
1.135405967943370342e-03
1.134446123614907265e-03
1.156722195446491241e-03
9.913261746987700462e-04
1.166904112324118614e-03
1.047550351358950138e-03
1.275119022466242313e-03
1.188368536531925201e-03
1.009743660688400269e-03
1.202466082759201527e-03
1.145476591773331165e-03
9.897964773699641228e-04
1.228447305038571358e-03
9.795718360692262650e-04
1.190988812595605850e-03
1.102217356674373150e-03
1.147248665802180767e-03
1.151059521362185478e-03
8.753740112297236919e-04
1.177728641778230667e-03
1.142811379395425320e-03
1.113862963393330574e-03
1.331395935267210007e-03
1.136292237788438797e-03
1.039523747749626637e-03
1.077424036338925362e-03
9.880166035145521164e-04
1.271399436518549919e-03
1.168600167147815228e-03
1.053390209563076496e-03
1.178139005787670612e-03
1.184389926493167877e-03
1.170801231637597084e-03
1.131965313106775284e-03
1.088961958885192871e-03
1.182646723464131355e-03
1.005462952889502048e-03
1.095771556720137596e-03
9.002555161714553833e-04
8.652866235934197903e-04
9.408718324266374111e-04
1.217832439579069614e-03
1.108292024582624435e-03
1.333784312009811401e-03
1.009026542305946350e-03
1.023905933834612370e-03
1.236975193023681641e-03
1.235209987498819828e-03
1.304382574744522572e-03
1.000697840936481953e-03
9.769995231181383133e-04
1.126536051742732525e-03
1.236552954651415348e-03
1.120099448598921299e-03
1.089265453629195690e-03
1.161558087915182114e-03
8.848633733578026295e-04
1.132684876210987568e-03
1.194229698739945889e-03
1.429738942533731461e-03
1.155041856691241264e-03
1.271831337362527847e-03
1.051053986884653568e-03
9.006882901303470135e-04
1.393859507516026497e-03
1.275257440283894539e-03
1.296347589232027531e-03
1.133905840106308460e-03
9.864713065326213837e-04
1.041861833073198795e-03
1.018908340483903885e-03
1.137442421168088913e-03
8.559580892324447632e-04
9.631002321839332581e-04
1.099325832910835743e-03
1.159288571216166019e-03
1.026041340082883835e-03
1.190371229313313961e-03
9.684773976914584637e-04
9.795187506824731827e-04
1.092714373953640461e-03
1.132173114456236362e-03
1.269507221877574921e-03
1.207103370688855648e-03
1.120471279136836529e-03
9.479654254391789436e-04
1.252031768672168255e-03
9.998731547966599464e-04
1.256383373402059078e-03
1.202507992275059223e-03
1.240699319168925285e-03
9.258236968889832497e-04
1.377890468575060368e-03
1.197577337734401226e-03
9.213424636982381344e-04
9.445394389331340790e-04
1.162103493697941303e-03
1.271649030968546867e-03
9.894482791423797607e-04
1.169736380688846111e-03
9.225769899785518646e-04
1.142450026236474514e-03
1.161096035502851009e-03
1.152195967733860016e-03
9.507472859695553780e-04
1.238374738022685051e-03
1.157226972281932831e-03
1.240694313310086727e-03
1.019658171571791172e-03
8.970209164544939995e-04
1.123251509852707386e-03
1.334694330580532551e-03
1.203867956064641476e-03
1.088079065084457397e-03
9.566899389028549194e-04
1.046376535668969154e-03
1.033418462611734867e-03
1.002524862997233868e-03
1.118103624321520329e-03
1.184133696369826794e-03
1.095152692869305611e-03
1.215313095599412918e-03
1.070581376552581787e-03
1.130132004618644714e-03
1.277258852496743202e-03
1.122722518630325794e-03
1.165071502327919006e-03
1.141129177995026112e-03
1.053173327818512917e-03
9.269324946217238903e-04
1.255731214769184589e-03
1.303574652411043644e-03
8.981382125057280064e-04
1.232692622579634190e-03
1.007553073577582836e-03
8.805983234196901321e-04
9.659237111918628216e-04
1.034733490087091923e-03
1.024480094201862812e-03
1.163132139481604099e-03
9.923549368977546692e-04
9.987441590055823326e-04
1.202965620905160904e-03
8.953617652878165245e-04
1.083301147446036339e-03
1.246370607987046242e-03
1.013829605653882027e-03
1.205625361762940884e-03
1.208918285556137562e-03
1.012152177281677723e-03
9.628157713450491428e-04
1.098267617635428905e-03
1.164042274467647076e-03
1.222321065142750740e-03
9.703427203930914402e-04
1.160529791377484798e-03
1.090508070774376392e-03
9.539931779727339745e-04
1.067179953679442406e-03
1.123750233091413975e-03
1.120518310926854610e-03
1.355171669274568558e-03
1.081566908396780491e-03
1.114518381655216217e-03
1.054135151207447052e-03
9.969397215172648430e-04
1.206336310133337975e-03
1.070227706804871559e-03
1.386021729558706284e-03
1.149006886407732964e-03
1.224599429406225681e-03
1.133832731284201145e-03
1.143835601396858692e-03
1.233269227668642998e-03
9.669861174188554287e-04
1.060185022652149200e-03
1.171328593045473099e-03
1.012851484119892120e-03
9.478951105847954750e-04
1.090685022063553333e-03
9.973061969503760338e-04
1.126493210904300213e-03
1.042317831888794899e-03
9.811107302084565163e-04
1.111831050366163254e-03
1.097853877581655979e-03
1.237150630913674831e-03
1.193892792798578739e-03
1.279734075069427490e-03
9.910805383697152138e-04
1.161715597845613956e-03
1.230557565577328205e-03
1.035597990266978741e-03
1.196019584313035011e-03
1.023699878714978695e-03
1.213664538227021694e-03
1.305897138081490993e-03
1.188884372822940350e-03
1.119313295930624008e-03
1.167067210189998150e-03
1.134312478825449944e-03
1.114915823563933372e-03
1.072807819582521915e-03
1.209239708259701729e-03
1.203869353048503399e-03
1.177549711428582668e-03
1.038111164234578609e-03
1.103452406823635101e-03
1.152500044554471970e-03
1.094846171326935291e-03
1.346546690911054611e-03
1.124190166592597961e-03
1.219981815665960312e-03
1.160708838142454624e-03
1.226546126417815685e-03
1.137064187787473202e-03
9.923683246597647667e-04
1.068589161150157452e-03
1.190010691061615944e-03
1.191698363982141018e-03
1.081845723092556000e-03
1.245419261977076530e-03
1.149673829786479473e-03
1.143487403169274330e-03
1.062065828591585159e-03
1.152649754658341408e-03
1.038828399032354355e-03
1.068610232323408127e-03
1.251665875315666199e-03
1.137671642936766148e-03
1.195313874632120132e-03
1.101824105717241764e-03
1.290183514356613159e-03
1.203565625473856926e-03
1.179781043902039528e-03
1.161955529823899269e-03
1.170094124972820282e-03
1.338104833848774433e-03
1.141713466495275497e-03
1.121536362916231155e-03
1.067589735612273216e-03
9.227162227034568787e-04
9.147025411948561668e-04
1.125562470406293869e-03
1.047198777087032795e-03
1.127173542045056820e-03
1.084873685613274574e-03
1.067328616045415401e-03
1.137751736678183079e-03
1.028168364427983761e-03
1.176241086795926094e-03
1.072356360964477062e-03
1.292965258471667767e-03
1.262256759218871593e-03
1.074812142178416252e-03
1.237239572219550610e-03
1.139360945671796799e-03
1.113383797928690910e-03
1.016290509141981602e-03
1.181571278721094131e-03
1.207816065289080143e-03
1.171352108940482140e-03
1.183046028017997742e-03
1.157302292995154858e-03
1.091118087060749531e-03
8.544574957340955734e-04
1.245547900907695293e-03
1.314116409048438072e-03
1.071491744369268417e-03
1.015528803691267967e-03
9.434890816919505596e-04
9.418784175068140030e-04
1.145305694080889225e-03
1.105092116631567478e-03
9.761653491295874119e-04
1.175062614493072033e-03
1.148769166320562363e-03
1.170608680695295334e-03
1.082208240404725075e-03
9.252720046788454056e-04
1.291020307689905167e-03
1.018319511786103249e-03
9.020865545608103275e-04
9.526396170258522034e-04
1.197657198645174503e-03
1.173219759948551655e-03
1.023971009999513626e-03
1.122479792684316635e-03
1.104195369407534599e-03
1.070108381099998951e-03
9.544268250465393066e-04
1.002847682684659958e-03
1.106941956095397472e-03
1.063902280293405056e-03
1.080867834389209747e-03
1.134922145865857601e-03
8.594382670708000660e-04
1.213195500895380974e-03
9.873409289866685867e-04
1.422281027771532536e-03
1.066466909833252430e-03
1.091636717319488525e-03
1.157862134277820587e-03
9.599530603736639023e-04
1.014005742035806179e-03
1.273946836590766907e-03
9.739377419464290142e-04
1.025220961309969425e-03
1.039705472066998482e-03
1.272556255571544170e-03
1.154915429651737213e-03
1.182143460027873516e-03
1.097780070267617702e-03
1.141778426244854927e-03
1.173101016320288181e-03
1.259330194443464279e-03
1.101838075555860996e-03
1.100145396776497364e-03
1.226651831530034542e-03
1.142199500463902950e-03
1.210144255310297012e-03
1.145594636909663677e-03
7.892197463661432266e-04
1.221522339619696140e-03
1.002809731289744377e-03
1.183818792924284935e-03
1.071239472366869450e-03
1.090182689949870110e-03
1.216121949255466461e-03
9.198205661959946156e-04
1.127133029513061047e-03
1.255117938853800297e-03
1.175500801764428616e-03
1.265551662072539330e-03
1.016944297589361668e-03
1.031387248076498508e-03
1.294946530833840370e-03
1.196727738715708256e-03
1.133425976149737835e-03
9.534602286294102669e-04
1.138865016400814056e-03
1.052711391821503639e-03
1.150805735960602760e-03
1.308107166551053524e-03
1.092888996936380863e-03
1.132258214056491852e-03
1.184187713079154491e-03
9.264185209758579731e-04
1.282082987017929554e-03
1.103955786675214767e-03
9.379381663165986538e-04
1.024464378133416176e-03
1.150621101260185242e-03
1.102719339542090893e-03
1.195395248942077160e-03
1.312496839091181755e-03
1.110017765313386917e-03
1.188258174806833267e-03
9.722977993078529835e-04
1.100954599678516388e-03
1.050708699040114880e-03
8.389971917495131493e-04
9.998264722526073456e-04
1.083723851479589939e-03
1.262876437976956367e-03
1.138213439844548702e-03
1.317964168265461922e-03
1.213130773976445198e-03
1.124375732615590096e-03
1.075431122444570065e-03
1.271741348318755627e-03
1.010562758892774582e-03
9.505931520834565163e-04
1.044542179442942142e-03
9.126414661295711994e-04
1.010245527140796185e-03
1.106269541196525097e-03
1.092507853172719479e-03
9.870950598269701004e-04
1.086781732738018036e-03
9.717153152450919151e-04
1.322250929661095142e-03
1.169817638583481312e-03
1.246571075171232224e-03
1.223861007019877434e-03
1.191231654956936836e-03
1.159823150373995304e-03
1.024595112539827824e-03
1.117365085519850254e-03
1.198100857436656952e-03
1.130746793933212757e-03
1.025248551741242409e-03
1.187607529573142529e-03
1.031242776662111282e-03
1.197267323732376099e-03
1.016609487123787403e-03
1.078690285794436932e-03
1.221502199769020081e-03
1.196762314066290855e-03
1.144364709034562111e-03
1.194691751152276993e-03
9.859491838142275810e-04
1.192564028315246105e-03
1.207995577715337276e-03
1.261352677829563618e-03
1.134418533183634281e-03
1.195986755192279816e-03
1.228212611749768257e-03
1.023233402520418167e-03
1.210377551615238190e-03
1.284253550693392754e-03
1.093205646611750126e-03
9.992721024900674820e-04
1.166415400803089142e-03
1.034572720527648926e-03
1.131432945840060711e-03
1.015098067000508308e-03
7.781269960105419159e-04
1.247623353265225887e-03
1.071629463694989681e-03
1.088033779524266720e-03
1.188377034850418568e-03
1.152519602328538895e-03
1.079274807125329971e-03
9.917147690430283546e-04
1.047056983225047588e-03
9.823123691603541374e-04
1.218682155013084412e-03
1.232208334840834141e-03
1.077904831618070602e-03
1.160400104708969593e-03
1.014048000797629356e-03
1.080444315448403358e-03
1.035494846291840076e-03
1.088610850274562836e-03
1.208624569699168205e-03
1.070092897862195969e-03
1.149073825217783451e-03
1.084031770005822182e-03
9.534841519780457020e-04
1.324770622886717319e-03
1.159389852546155453e-03
1.065678079612553120e-03
1.319101545959711075e-03
1.037409412674605846e-03
1.091145677492022514e-03
1.327849342487752438e-03
8.613772224634885788e-04
1.172880758531391621e-03
1.076916465535759926e-03
1.067580422386527061e-03
1.042001065798103809e-03
1.101139350794255733e-03
1.037582871504127979e-03
1.072624349035322666e-03
1.183301093988120556e-03
1.087575103156268597e-03
1.130205928348004818e-03
1.181762199848890305e-03
1.202232670038938522e-03
1.296795671805739403e-03
1.134436810389161110e-03
1.266142353415489197e-03
1.143403816968202591e-03
1.095235696993768215e-03
9.511995012871921062e-04
1.216276665218174458e-03
1.041178242303431034e-03
1.047791796736419201e-03
1.188414753414690495e-03
1.080465852282941341e-03
1.007981481961905956e-03
1.209060428664088249e-03
9.891460649669170380e-04
1.217449433170258999e-03
1.211370457895100117e-03
1.013722969219088554e-03
1.124504371546208858e-03
1.031716936267912388e-03
1.093157567083835602e-03
1.011482090689241886e-03
1.306528807617723942e-03
1.065547927282750607e-03
1.041334122419357300e-03
1.177373924292623997e-03
1.171362935565412045e-03
1.100100227631628513e-03
1.198899699375033379e-03
1.209273817948997021e-03
1.069914433173835278e-03
9.884014725685119629e-04
1.217514974996447563e-03
1.076145330443978310e-03
1.098847016692161560e-03
1.272357068955898285e-03
1.116285915486514568e-03
1.262115314602851868e-03
1.144312671385705471e-03
1.070619560778141022e-03
1.139878411777317524e-03
1.040864386595785618e-03
1.359218964353203773e-03
1.167529961094260216e-03
9.581525227986276150e-04
9.176721214316785336e-04
1.019910909235477448e-03
9.285582927986979485e-04
1.440077903680503368e-03
1.081414171494543552e-03
1.127375755459070206e-03
1.023096148855984211e-03
1.119141583330929279e-03
1.237417338415980339e-03
1.330519677139818668e-03
1.045235549099743366e-03
1.168266520835459232e-03
9.319010423496365547e-04
1.033935463055968285e-03
1.284663216210901737e-03
1.041863579303026199e-03
1.070880913175642490e-03
1.128876931034028530e-03
1.094102975912392139e-03
1.086161471903324127e-03
1.082979259081184864e-03
1.150596654042601585e-03
1.137264422141015530e-03
1.139938132837414742e-03
1.214321586303412914e-03
1.231015776284039021e-03
1.098719891160726547e-03
1.037686364725232124e-03
9.636165923438966274e-04
1.049311016686260700e-03
1.291868393309414387e-03
1.113070407882332802e-03
9.152030106633901596e-04
9.984980570152401924e-04
1.055594533681869507e-03
1.215547439642250538e-03
1.307038473896682262e-03
1.177758909761905670e-03
1.022533979266881943e-03
1.214978052303195000e-03
1.225652289576828480e-03
1.197402481921017170e-03
1.124783768318593502e-03
1.108325901441276073e-03
1.173191238194704056e-03
1.292388420552015305e-03
1.011573011055588722e-03
1.197058940306305885e-03
1.131422119215130806e-03
1.254023285582661629e-03
9.150876430794596672e-04
1.215358730405569077e-03
1.140365842729806900e-03
1.341136638075113297e-03
9.335579234175384045e-04
1.122782356105744839e-03
1.217728480696678162e-03
7.664664299227297306e-04
1.094490056857466698e-03
1.122068380936980247e-03
1.067263539880514145e-03
1.215551514178514481e-03
1.189722330309450626e-03
1.089250668883323669e-03
1.058318885043263435e-03
1.171678071841597557e-03
1.173451310023665428e-03
1.285343081690371037e-03
1.384818344376981258e-03
1.102123060263693333e-03
1.114875660277903080e-03
1.242811908014118671e-03
