1.110795303247869015e-03
1.090722857043147087e-03
1.111611258238554001e-03
1.099522574804723263e-03
1.136174658313393593e-03
1.120632281526923180e-03
1.114858314394950867e-03
1.153040677309036255e-03
1.109771081246435642e-03
1.125555485486984253e-03
1.108413329347968102e-03
1.075528794899582863e-03
1.141131157055497169e-03
1.090196077711880207e-03
1.111056073568761349e-03
1.099278335459530354e-03
1.120076747611165047e-03
1.087654731236398220e-03
1.095262588933110237e-03
1.112166210077702999e-03
1.148676266893744469e-03
1.125722075812518597e-03
1.096023013815283775e-03
1.098749227821826935e-03
1.111067249439656734e-03
1.111020334064960480e-03
1.085414667613804340e-03
1.096324762329459190e-03
1.121075358241796494e-03
1.143951551057398319e-03
1.104161026887595654e-03
1.116558443754911423e-03
1.117868465371429920e-03
1.093621947802603245e-03
1.098502893000841141e-03
1.145064597949385643e-03
1.114616636186838150e-03
1.102337613701820374e-03
1.093201688490808010e-03
1.142848865129053593e-03
1.101004541851580143e-03
1.135379774495959282e-03
1.114169950596988201e-03
1.117784297093749046e-03
1.082821283489465714e-03
1.130028511397540569e-03
1.126103801652789116e-03
1.116657513193786144e-03
1.108744065277278423e-03
1.106506679207086563e-03
1.110393088310956955e-03
1.119301887229084969e-03
1.090178033336997032e-03
1.110382843762636185e-03
1.116888597607612610e-03
1.139409723691642284e-03
1.098954235203564167e-03
1.101406640373170376e-03
1.135280705057084560e-03
1.163864275440573692e-03
1.144043402746319771e-03
1.094303559511899948e-03
1.127161551266908646e-03
1.111284480430185795e-03
1.090725651010870934e-03
1.080802758224308491e-03
1.093826838769018650e-03
1.128485659137368202e-03
1.091568963602185249e-03
1.101278350688517094e-03
1.098074368201196194e-03
1.100455760024487972e-03
1.092935679480433464e-03
1.099037355743348598e-03
1.127243391238152981e-03
1.101181725971400738e-03
1.104441937059164047e-03
1.112322788685560226e-03
1.089685363695025444e-03
1.113214762881398201e-03
1.106133568100631237e-03
1.111289253458380699e-03
1.112658530473709106e-03
1.092708087526261806e-03
1.131532248109579086e-03
1.132711884565651417e-03
1.142641645856201649e-03
1.088964170776307583e-03
1.141966436989605427e-03
1.093979110009968281e-03
1.104412367567420006e-03
1.120803062804043293e-03
1.097332686185836792e-03
1.094241044484078884e-03
1.099265180528163910e-03
1.085568917915225029e-03
1.147645642049610615e-03
1.137667102739214897e-03
1.104755792766809464e-03
1.138374558649957180e-03
1.103584421798586845e-03
1.094401697628200054e-03
1.105437637306749821e-03
1.115292776376008987e-03
1.084614661522209644e-03
1.150170573964715004e-03
1.132319564931094646e-03
1.102392212487757206e-03
1.090555917471647263e-03
1.131616882048547268e-03
1.099037355743348598e-03
1.121393404901027679e-03
1.098363776691257954e-03
1.094116014428436756e-03
1.102496869862079620e-03
1.123155117966234684e-03
1.100609195418655872e-03
1.146953669376671314e-03
1.084467396140098572e-03
1.123641966842114925e-03
1.089761150069534779e-03
1.122660352848470211e-03
1.114156330004334450e-03
1.138724037446081638e-03
1.101896748878061771e-03
1.124721136875450611e-03
1.092645572498440742e-03
1.085774973034858704e-03
1.157005550339818001e-03
1.117697102017700672e-03
1.072795828804373741e-03
1.116914674639701843e-03
1.109789242036640644e-03
1.127922907471656799e-03
1.115263788960874081e-03
1.119787688367068768e-03
1.117227133363485336e-03
1.127149560488760471e-03
1.112540252506732941e-03
1.110024633817374706e-03
1.119998167268931866e-03
1.080817892216145992e-03
1.107982243411242962e-03
1.094518927857279778e-03
1.111215795390307903e-03
1.114471000619232655e-03
1.115502906031906605e-03
1.104543684050440788e-03
1.101359608583152294e-03
1.132112811319530010e-03
1.108881435357034206e-03
1.105325412936508656e-03
1.109908800572156906e-03
1.114038052037358284e-03
1.111779361963272095e-03
1.096106600016355515e-03
1.117243198677897453e-03
1.112490426748991013e-03
1.126667717471718788e-03
1.116278232075273991e-03
1.148906187154352665e-03
1.081890426576137543e-03
1.108105061575770378e-03
1.117075677029788494e-03
1.089017838239669800e-03
1.075713546015322208e-03
1.119291177019476891e-03
1.116882078349590302e-03
1.106471638195216656e-03
1.117150648497045040e-03
1.088217715732753277e-03
1.133693265728652477e-03
1.103611313737928867e-03
1.151928212493658066e-03
1.118080690503120422e-03
1.109299133531749249e-03
1.121216453611850739e-03
1.122568151913583279e-03
1.119665568694472313e-03
1.129430136643350124e-03
1.116655766963958740e-03
1.134188729338347912e-03
1.110660959966480732e-03
1.108572934754192829e-03
1.126450137235224247e-03
1.107763266190886497e-03
1.105760806240141392e-03
1.101332716643810272e-03
1.081401132978498936e-03
1.097914762794971466e-03
1.095321262255311012e-03
1.076381886377930641e-03
1.090381178073585033e-03
1.092202845029532909e-03
1.119345193728804588e-03
1.121251145377755165e-03
1.096261315979063511e-03
1.115570426918566227e-03
1.117151114158332348e-03
1.125446055084466934e-03
1.113073434680700302e-03
1.100869150832295418e-03
1.110258279368281364e-03
1.106622861698269844e-03
1.121908891946077347e-03
1.076478627510368824e-03
1.097084837965667248e-03
1.117471256293356419e-03
1.119917142204940319e-03
1.106257084757089615e-03
1.126938033849000931e-03
1.135527738370001316e-03
1.136076170951128006e-03
1.108831958845257759e-03
1.096961554139852524e-03
1.155853038653731346e-03
1.125980750657618046e-03
1.113810692913830280e-03
1.091144979000091553e-03
1.120252534747123718e-03
1.102175912819802761e-03
1.157305203378200531e-03
1.135918777436017990e-03
1.083163777366280556e-03
1.119622378610074520e-03
1.128132571466267109e-03
1.091303420253098011e-03
1.089936238713562489e-03
1.119893393479287624e-03
1.079461188055574894e-03
1.091827289201319218e-03
1.125846174545586109e-03
1.119008869864046574e-03
1.121586770750582218e-03
1.107255462557077408e-03
1.105918432585895061e-03
1.127938390709459782e-03
1.076681888662278652e-03
1.112912083044648170e-03
1.091336831450462341e-03
1.130313379690051079e-03
1.104920753277838230e-03
1.091921236366033554e-03
1.107963966205716133e-03
1.089703175239264965e-03
1.092594582587480545e-03
1.100913621485233307e-03
1.111108576878905296e-03
1.128826290369033813e-03
1.125058857724070549e-03
1.107258256524801254e-03
1.101353671401739120e-03
1.132664270699024200e-03
1.072340528480708599e-03
1.086339820176362991e-03
1.128620235249400139e-03
1.118127256631851196e-03
1.125372597016394138e-03
1.093417871743440628e-03
1.119953929446637630e-03
1.086914679035544395e-03
1.135810278356075287e-03
1.126683433540165424e-03
1.137807965278625488e-03
1.094168284907937050e-03
1.121319131925702095e-03
1.135351136326789856e-03
1.101309433579444885e-03
1.096649444662034512e-03
1.111277262680232525e-03
1.115568564273416996e-03
1.105178031139075756e-03
1.130264718085527420e-03
1.126083428971469402e-03
1.123032881878316402e-03
1.085264491848647594e-03
1.095672720111906528e-03
1.126835588365793228e-03
1.119204564020037651e-03
1.110152923502027988e-03
1.119834952987730503e-03
1.095552113838493824e-03
1.099915127269923687e-03
1.108944416046142578e-03
1.114171580411493778e-03
1.127977389842271805e-03
1.141248736530542374e-03
1.112385187298059464e-03
1.087298733182251453e-03
1.105951727367937565e-03
1.083107432350516319e-03
1.104162307456135750e-03
1.107468269765377045e-03
1.097091007977724075e-03
1.094263861887156963e-03
1.103409449569880962e-03
1.099719433113932610e-03
1.110658165998756886e-03
1.102989073842763901e-03
1.090578385628759861e-03
1.085538999177515507e-03
1.133629470132291317e-03
1.115979859605431557e-03
1.103528426028788090e-03
1.109044300392270088e-03
1.101581612601876259e-03
1.113540376536548138e-03
1.102469745092093945e-03
1.123990979976952076e-03
1.112862955778837204e-03
1.091132638975977898e-03
1.120365457609295845e-03
1.085444004274904728e-03
1.095507293939590454e-03
1.131481258198618889e-03
1.128056785091757774e-03
1.091111800633370876e-03
1.132680452428758144e-03
1.095700077712535858e-03
1.098076463676989079e-03
1.101766829378902912e-03
1.114282291382551193e-03
1.132242265157401562e-03
1.126806717365980148e-03
1.116388360969722271e-03
1.130595803260803223e-03
1.123298890888690948e-03
1.123697031289339066e-03
1.088897348381578922e-03
1.112700789235532284e-03
1.089558703824877739e-03
1.089302008040249348e-03
1.093787024728953838e-03
1.083309995010495186e-03
1.117365900427103043e-03
1.093420432880520821e-03
1.119235181249678135e-03
1.165726222097873688e-03
1.084911986254155636e-03
1.113871228881180286e-03
1.104886643588542938e-03
1.104538561776280403e-03
1.120561966672539711e-03
1.096249558031558990e-03
1.104081282392144203e-03
1.145494519732892513e-03
1.100164721719920635e-03
1.098575885407626629e-03
1.097774365916848183e-03
1.126165618188679218e-03
1.082751201465725899e-03
1.108500640839338303e-03
1.102922484278678894e-03
1.130001852288842201e-03
1.148629700765013695e-03
1.107947202399373055e-03
1.084553659893572330e-03
1.081825932487845421e-03
1.096168649382889271e-03
1.172166899777948856e-03
1.096011721529066563e-03
1.123667811043560505e-03
1.136871287599205971e-03
1.132749370299279690e-03
1.130373333580791950e-03
1.124364091083407402e-03
1.095612533390522003e-03
1.102166133932769299e-03
1.100794179365038872e-03
1.112947473302483559e-03
1.125245820730924606e-03
1.115254824981093407e-03
1.099715242162346840e-03
1.106044859625399113e-03
1.088681048713624477e-03
1.097072847187519073e-03
1.074033207260072231e-03
1.125447801314294338e-03
1.114677754230797291e-03
1.106579788029193878e-03
1.102636568248271942e-03
1.117421546950936317e-03
1.134517369791865349e-03
1.114108250476419926e-03
1.128036994487047195e-03
1.111662946641445160e-03
1.099455519579350948e-03
1.141507294960319996e-03
1.096313004381954670e-03
1.091585494577884674e-03
1.119374530389904976e-03
1.115417107939720154e-03
1.116239349357783794e-03
1.085296622477471828e-03
1.095994608476758003e-03
1.119159511290490627e-03
1.114462967962026596e-03
1.130262622609734535e-03
1.063472940586507320e-03
1.120866509154438972e-03
1.104305265471339226e-03
1.094949431717395782e-03
1.119887223467230797e-03
1.064164680428802967e-03
1.110275043174624443e-03
1.130024902522563934e-03
1.136527978815138340e-03
1.120352186262607574e-03
1.106761163100600243e-03
1.089944853447377682e-03
1.122386427596211433e-03
1.084506046026945114e-03
1.107376767322421074e-03
1.140051404945552349e-03
1.111591234803199768e-03
1.093317754566669464e-03
1.140522886998951435e-03
1.153395627625286579e-03
1.105261617340147495e-03
1.101247849874198437e-03
1.095735467970371246e-03
1.110754092223942280e-03
1.136715756729245186e-03
1.111975638195872307e-03
1.094749313779175282e-03
1.111399848014116287e-03
1.096580992452800274e-03
1.108272932469844818e-03
1.137379207648336887e-03
1.129896263591945171e-03
1.110232784412801266e-03
1.136059989221394062e-03
1.111858990043401718e-03
1.123073860071599483e-03
1.096897991374135017e-03
1.101460657082498074e-03
1.087596989236772060e-03
1.103068701922893524e-03
1.125939423218369484e-03
1.116983941756188869e-03
1.095772138796746731e-03
1.084372401237487793e-03
1.095902407541871071e-03
1.110458513721823692e-03
1.114988466724753380e-03
1.122390618547797203e-03
1.112157711759209633e-03
1.106090261600911617e-03
1.095821964554488659e-03
1.146616064943373203e-03
1.136697246693074703e-03
1.133473822847008705e-03
1.088738441467285156e-03
1.110093668103218079e-03
1.134433550760149956e-03
1.097706379368901253e-03
1.087382435798645020e-03
1.098962267860770226e-03
1.073797699064016342e-03
1.130182296037673950e-03
1.137015409767627716e-03
1.131917349994182587e-03
1.108338474296033382e-03
1.099581830203533173e-03
1.122755114920437336e-03
1.118917251005768776e-03
1.123148133046925068e-03
1.095920568332076073e-03
1.123073743656277657e-03
1.138163032010197639e-03
1.099916407838463783e-03
1.130649587139487267e-03
1.113234553486108780e-03
1.116964616812765598e-03
1.140951295383274555e-03
1.111024990677833557e-03
1.096112886443734169e-03
1.108687720261514187e-03
1.147098024375736713e-03
1.125906244851648808e-03
1.086778007447719574e-03
1.104872673749923706e-03
1.103233313187956810e-03
1.107916352339088917e-03
1.105389790609478951e-03
1.126745599322021008e-03
1.105450908653438091e-03
1.091615180484950542e-03
1.142414519563317299e-03
1.098745386116206646e-03
1.121378270909190178e-03
1.107341144233942032e-03
1.124205067753791809e-03
1.109145930968225002e-03
1.138459192588925362e-03
1.094605424441397190e-03
1.073739957064390182e-03
1.118503278121352196e-03
1.126435934565961361e-03
1.102659036405384541e-03
1.097555854357779026e-03
1.082444214262068272e-03
1.118790823966264725e-03
1.116628642193973064e-03
1.145905116572976112e-03
1.134543912485241890e-03
1.116968691349029541e-03
1.083252253010869026e-03
1.121585140936076641e-03
1.152080600149929523e-03
1.137800165452063084e-03
1.109360833652317524e-03
1.118585467338562012e-03
1.103530521504580975e-03
1.130231423303484917e-03
1.076714717783033848e-03
1.134177087806165218e-03
1.102693495340645313e-03
1.079821609891951084e-03
1.067708479240536690e-03
1.112258527427911758e-03
1.087713637389242649e-03
1.113608945161104202e-03
1.124384813010692596e-03
1.093909842893481255e-03
1.114265993237495422e-03
1.102448208257555962e-03
1.111352234147489071e-03
1.107624848373234272e-03
1.079283189028501511e-03
1.119043095968663692e-03
1.111489371396601200e-03
1.116898725740611553e-03
1.122374902479350567e-03
1.076706568710505962e-03
1.103423652239143848e-03
1.090222154743969440e-03
1.058379653841257095e-03
1.103495829738676548e-03
1.113743288442492485e-03
1.087556709535419941e-03
1.155422767624258995e-03
1.122670830227434635e-03
1.135051599703729153e-03
1.140714390203356743e-03
1.117578940466046333e-03
1.087434822693467140e-03
1.107070944271981716e-03
1.108952332288026810e-03
1.132917357608675957e-03
1.104867551475763321e-03
1.112432917580008507e-03
1.128008938394486904e-03
1.103578717447817326e-03
1.137287705205380917e-03
1.128864125348627567e-03
1.117829116992652416e-03
1.138717867434024811e-03
1.094834762625396252e-03
1.104856957681477070e-03
1.097948173992335796e-03
1.066403230652213097e-03
1.120339613407850266e-03
1.093208789825439453e-03
1.133108977228403091e-03
1.097304048016667366e-03
1.118231681175529957e-03
1.109082833863794804e-03
1.109936740249395370e-03
1.112477038986980915e-03
1.105104223825037479e-03
1.126052346080541611e-03
1.092339865863323212e-03
1.116287545301020145e-03
1.092865713872015476e-03
1.097180182114243507e-03
1.124398782849311829e-03
1.131212105974555016e-03
1.066994736902415752e-03
1.101277186535298824e-03
1.097975065931677818e-03
1.113975420594215393e-03
1.113785314373672009e-03
1.104054274037480354e-03
1.105585834011435509e-03
1.120034721679985523e-03
1.141000888310372829e-03
1.121152308769524097e-03
1.108273630961775780e-03
1.094223698601126671e-03
1.095503219403326511e-03
1.132813282310962677e-03
1.119365449994802475e-03
1.074304920621216297e-03
1.086780801415443420e-03
1.133575337007641792e-03
1.096438383683562279e-03
1.088426215574145317e-03
1.120896311476826668e-03
1.108837430365383625e-03
1.097649568691849709e-03
1.133928424678742886e-03
1.107830670662224293e-03
1.129131647758185863e-03
1.126674469560384750e-03
1.109783421270549297e-03
1.101829810068011284e-03
1.122465124353766441e-03
1.092821010388433933e-03
1.117253559641540051e-03
1.112836762331426144e-03
1.116761588491499424e-03
1.090826583094894886e-03
1.109017874114215374e-03
1.125923474319279194e-03
1.103376969695091248e-03
1.141223474405705929e-03
1.130144693888723850e-03
1.122961519286036491e-03
1.096235006116330624e-03
1.098724314942955971e-03
1.100259949453175068e-03
1.103039947338402271e-03
1.104039954952895641e-03
1.131678698584437370e-03
1.108727301470935345e-03
1.101561472751200199e-03
1.125849084928631783e-03
1.104966388083994389e-03
1.089788274839520454e-03
1.096668886020779610e-03
1.129255862906575203e-03
1.104606315493583679e-03
1.105526462197303772e-03
1.115112681873142719e-03
1.120963366702198982e-03
1.129060983657836914e-03
1.129248761571943760e-03
1.113619189709424973e-03
1.121492590755224228e-03
1.085647032596170902e-03
1.108882017433643341e-03
1.128340256400406361e-03
1.077880966477096081e-03
1.092710066586732864e-03
1.113626640290021896e-03
1.115031191147863865e-03
1.119499560445547104e-03
1.094623003154993057e-03
1.142339780926704407e-03
1.133374054916203022e-03
1.112529891543090343e-03
1.110118348151445389e-03
1.132057164795696735e-03
1.149618765339255333e-03
1.116909552365541458e-03
1.111808349378407001e-03
1.072533195838332176e-03
1.096343272365629673e-03
1.135792117565870285e-03
1.117529929615557194e-03
1.131873577833175659e-03
1.114472397603094578e-03
1.121643232181668282e-03
1.093267695978283882e-03
1.102910377085208893e-03
1.091782818548381329e-03
1.102439826354384422e-03
1.137127517722547054e-03
1.100337016396224499e-03
1.112092752009630203e-03
1.079763285815715790e-03
1.141938730143010616e-03
1.117872772738337517e-03
1.107872696593403816e-03
1.112538739107549191e-03
1.093913801014423370e-03
1.128336647525429726e-03
1.104381401091814041e-03
1.141484943218529224e-03
1.112671219743788242e-03
1.123635331168770790e-03
1.113219768740236759e-03
1.111417659558355808e-03
1.110068871639668941e-03
1.123069552704691887e-03
1.121706096455454826e-03
1.086285687051713467e-03
1.110940240323543549e-03
1.120517728850245476e-03
1.093194354325532913e-03
1.121105160564184189e-03
1.123076537624001503e-03
1.094800420105457306e-03
1.132019562646746635e-03
1.096806256100535393e-03
1.080335350707173347e-03
1.116136787459254265e-03
1.129724085330963135e-03
1.105523901060223579e-03
1.119812019169330597e-03
1.125964568927884102e-03
1.133039710111916065e-03
1.126363174989819527e-03
1.106380135752260685e-03
1.111835124902427197e-03
1.115562045015394688e-03
1.146490685641765594e-03
1.106889802031219006e-03
1.120070461183786392e-03
1.115875202231109142e-03
1.162081491202116013e-03
1.120448461733758450e-03
1.136783161200582981e-03
1.107179094105958939e-03
1.081428490579128265e-03
1.105882343836128712e-03
1.083691720850765705e-03
1.117005362175405025e-03
1.071300706826150417e-03
1.109352218918502331e-03
1.107799471355974674e-03
1.137549523264169693e-03
1.135237747803330421e-03
1.090092700906097889e-03
1.114468905143439770e-03
1.133558806031942368e-03
1.096899388357996941e-03
1.094719860702753067e-03
1.081215916201472282e-03
1.097456086426973343e-03
1.107978750951588154e-03
1.116041676141321659e-03
1.119928085245192051e-03
1.081423601135611534e-03
1.126937568187713623e-03
1.123279682360589504e-03
1.102583599276840687e-03
1.131405471824109554e-03
1.121375593356788158e-03
1.103000366128981113e-03
1.089591649360954762e-03
1.117772073484957218e-03
1.126610673964023590e-03
1.135839964263141155e-03
1.092130201868712902e-03
1.095264800824224949e-03
1.126174582168459892e-03
1.133089768700301647e-03
1.132296747528016567e-03
1.101205940358340740e-03
1.073830295354127884e-03
1.112565165385603905e-03
1.125332782976329327e-03
1.101428177207708359e-03
1.154425670392811298e-03
1.156642567366361618e-03
1.122924848459661007e-03
1.105173723772168159e-03
1.103108865208923817e-03
1.116266706958413124e-03
1.116439234465360641e-03
1.118271145969629288e-03
1.110747689381241798e-03
1.084903604350984097e-03
1.114976126700639725e-03
1.119007589295506477e-03
1.093652448616921902e-03
1.105476520024240017e-03
1.091383048333227634e-03
1.127330353483557701e-03
1.143813249655067921e-03
1.123067340813577175e-03
1.079573296010494232e-03
1.132626552134752274e-03
1.140197739005088806e-03
1.101677538827061653e-03
1.133376033976674080e-03
1.085960539057850838e-03
1.115987193770706654e-03
1.130890799686312675e-03
1.113064587116241455e-03
1.131728407926857471e-03
1.103121787309646606e-03
1.109808101318776608e-03
1.100911060348153114e-03
1.111370278522372246e-03
1.111106597818434238e-03
1.092323334887623787e-03
1.093534752726554871e-03
1.118854735977947712e-03
1.087119919247925282e-03
1.123618218116462231e-03
1.106620649807155132e-03
1.095830695703625679e-03
1.106300391256809235e-03
1.110926037654280663e-03
1.117578125558793545e-03
1.110083307139575481e-03
1.123627880588173866e-03
1.107872929424047470e-03
1.095852348953485489e-03
1.088089193217456341e-03
1.095351995900273323e-03
1.091972575522959232e-03
1.106774667277932167e-03
1.127584255300462246e-03
1.113030943088233471e-03
1.130483578890562057e-03
1.106182695366442204e-03
1.083705108612775803e-03
1.112225349061191082e-03
1.110607874579727650e-03
1.112489379011094570e-03
1.121914363466203213e-03
1.112226513214409351e-03
1.141497981734573841e-03
1.108046621084213257e-03
1.103383605368435383e-03
1.142660854384303093e-03
1.099348184652626514e-03
1.105049741454422474e-03
1.126583083532750607e-03
1.099914428777992725e-03
1.134459394961595535e-03
1.129989046603441238e-03
1.083424198441207409e-03
1.111037447117269039e-03
1.105007133446633816e-03
1.087881275452673435e-03
1.103337039239704609e-03
1.127560506574809551e-03
1.132542616687715054e-03
1.122578280046582222e-03
1.102115842513740063e-03
1.104682101868093014e-03
1.100862631574273109e-03
1.145664602518081665e-03
1.118092099204659462e-03
1.084882533177733421e-03
1.107766409404575825e-03
1.138396211899816990e-03
1.109848148189485073e-03
1.119773951359093189e-03
1.105629839003086090e-03
1.114301849156618118e-03
1.109853386878967285e-03
1.084808958694338799e-03
1.079953624866902828e-03
1.088732387870550156e-03
1.127018360421061516e-03
1.110433135181665421e-03
1.101082656532526016e-03
1.100025605410337448e-03
1.124402973800897598e-03
1.102394540794193745e-03
1.093557337298989296e-03
1.113142236135900021e-03
1.102448441088199615e-03
1.126718125306069851e-03
1.114209881052374840e-03
1.087588840164244175e-03
1.116714207455515862e-03
1.109121600165963173e-03
1.121003180742263794e-03
1.130574033595621586e-03
1.125156413763761520e-03
1.087363110855221748e-03
1.118121901527047157e-03
1.112226746045053005e-03
1.095399842597544193e-03
1.107507036067545414e-03
1.094143721275031567e-03
1.121763372793793678e-03
1.098893117159605026e-03
1.105909352190792561e-03
1.094464678317308426e-03
1.086322590708732605e-03
1.125665730796754360e-03
1.124952570535242558e-03
1.098352833651006222e-03
1.124585862271487713e-03
1.112877507694065571e-03
1.093557220883667469e-03
1.097713713534176350e-03
1.112955738790333271e-03
1.115297549404203892e-03
1.110345590859651566e-03
1.136655919253826141e-03
1.114459475502371788e-03
1.113283680751919746e-03
1.090975012630224228e-03
1.132703735493123531e-03
1.065561780706048012e-03
1.094043371267616749e-03
1.091839978471398354e-03
1.124707865528762341e-03
1.129124895669519901e-03
1.093646511435508728e-03
1.076353713870048523e-03
