6.171196699142456055e-03
7.325915619730949402e-03
7.656851317733526230e-03
6.329414434731006622e-03
6.506544072180986404e-03
6.301090586930513382e-03
6.181494332849979401e-03
8.172729983925819397e-03
7.122834678739309311e-03
5.926676560193300247e-03
6.904178299009799957e-03
6.771064363420009613e-03
7.219151593744754791e-03
5.705897230654954910e-03
5.740199238061904907e-03
5.578636191785335541e-03
6.587640382349491119e-03
7.028697524219751358e-03
7.539047859609127045e-03
5.864679813385009766e-03
6.162781268358230591e-03
6.597231607884168625e-03
7.054708432406187057e-03
6.963140331208705902e-03
6.903595756739377975e-03
7.445436436682939529e-03
6.678142119199037552e-03
7.198100443929433823e-03
5.779193714261054993e-03
6.247502751648426056e-03
5.580498836934566498e-03
7.342891767621040344e-03
7.850687950849533081e-03
6.484669167548418045e-03
6.927492097020149231e-03
5.699463654309511185e-03
7.039889693260192871e-03
5.597759969532489777e-03
5.776101723313331604e-03
6.170543376356363297e-03
6.873704958707094193e-03
5.785201676189899445e-03
6.023652851581573486e-03
5.980475340038537979e-03
6.444849539548158646e-03
5.824900232255458832e-03
7.997377775609493256e-03
6.792448926717042923e-03
6.969292182475328445e-03
6.799183785915374756e-03
6.076108198612928391e-03
7.040879223495721817e-03
8.400918915867805481e-03
7.553268689662218094e-03
7.319762371480464935e-03
6.187695544213056564e-03
5.860308650881052017e-03
6.657903082668781281e-03
7.443253416568040848e-03
5.834372248500585556e-03
6.130512338131666183e-03
5.390645470470190048e-03
7.665175478905439377e-03
6.917750928550958633e-03
6.100946571677923203e-03
7.423945702612400055e-03
6.763293873518705368e-03
6.494784727692604065e-03
6.938984151929616928e-03
7.604518905282020569e-03
6.107324734330177307e-03
5.959424655884504318e-03
7.262582425028085709e-03
4.859718959778547287e-03
7.392617408186197281e-03
7.138409186154603958e-03
6.884445436298847198e-03
7.031915243715047836e-03
7.801731117069721222e-03
6.567653734236955643e-03
6.864898372441530228e-03
6.414987146854400635e-03
7.296078372746706009e-03
7.449523080140352249e-03
5.538597702980041504e-03
5.995095241814851761e-03
6.615138147026300430e-03
7.688195444643497467e-03
6.742626894265413284e-03
6.121826823800802231e-03
6.574946455657482147e-03
7.089501712471246719e-03
6.310857832431793213e-03
7.102253381162881851e-03
6.776018068194389343e-03
6.053456570953130722e-03
7.500922773033380508e-03
5.957727320492267609e-03
5.201888270676136017e-03
6.508245132863521576e-03
7.107449695467948914e-03
6.549246609210968018e-03
6.037840154021978378e-03
6.544441450387239456e-03
6.235213484615087509e-03
5.523024592548608780e-03
6.533392239362001419e-03
6.506939884275197983e-03
7.283287588506937027e-03
7.009326014667749405e-03
7.447143550962209702e-03
5.627703852951526642e-03
7.349151652306318283e-03
6.465259008109569550e-03
7.004584651440382004e-03
6.367241963744163513e-03
7.431378122419118881e-03
6.712228059768676758e-03
7.357827853411436081e-03
5.392370745539665222e-03
6.285244133323431015e-03
6.469213403761386871e-03
6.964651402086019516e-03
5.326326470822095871e-03
7.166845723986625671e-03
6.551810540258884430e-03
6.189216393977403641e-03
7.952111773192882538e-03
7.474717218428850174e-03
6.042814347892999649e-03
6.616114173084497452e-03
6.350933108478784561e-03
6.573871243745088577e-03
6.551611237227916718e-03
7.164896931499242783e-03
7.015659473836421967e-03
8.078405633568763733e-03
6.518135312944650650e-03
7.517181336879730225e-03
6.986243184655904770e-03
7.193466648459434509e-03
6.565653719007968903e-03
7.733625825494527817e-03
6.588298361748456955e-03
7.946797646582126617e-03
5.217632278800010681e-03
6.340148858726024628e-03
6.496568676084280014e-03
7.448302581906318665e-03
5.949993152171373367e-03
