3.775591496378183365e-03
5.597923882305622101e-03
5.083489697426557541e-03
4.219055641442537308e-03
4.603603389114141464e-03
5.224880296736955643e-03
4.947644658386707306e-03
4.725325852632522583e-03
4.623905755579471588e-03
4.517813213169574738e-03
4.454988054931163788e-03
4.173245746642351151e-03
6.476095877587795258e-03
5.115967243909835815e-03
5.084551870822906494e-03
5.008173175156116486e-03
5.296878982335329056e-03
5.508733913302421570e-03
5.267001222819089890e-03
4.807893186807632446e-03
5.344138946384191513e-03
5.788551643490791321e-03
4.869621247053146362e-03
5.362562369555234909e-03
4.122261889278888702e-03
4.768148995935916901e-03
4.130803048610687256e-03
4.132920876145362854e-03
4.611613694578409195e-03
5.356702953577041626e-03
4.326357506215572357e-03
5.458839703351259232e-03
4.817803390324115753e-03
5.541079211980104446e-03
4.151582717895507812e-03
5.131728015840053558e-03
5.509036593139171600e-03
4.788715858012437820e-03
4.710369743406772614e-03
5.396237596869468689e-03
5.052097607403993607e-03
4.057297948747873306e-03
5.581067409366369247e-03
4.734125453978776932e-03
4.956574179232120514e-03
4.077774938195943832e-03
4.100501537322998047e-03
4.248082637786865234e-03
4.941465798765420914e-03
5.019442643970251083e-03
5.723400972783565521e-03
4.249957390129566193e-03
5.182620137929916382e-03
4.523695912212133408e-03
4.863080568611621857e-03
4.812834784388542175e-03
4.122423473745584488e-03
5.302724428474903107e-03
4.684459883719682693e-03
5.015841685235500336e-03
4.564920440316200256e-03
5.491310264915227890e-03
4.985356237739324570e-03
5.372555926442146301e-03
4.534923005849123001e-03
5.644032731652259827e-03
4.630571231245994568e-03
5.203061271458864212e-03
4.776085726916790009e-03
6.216282490640878677e-03
5.853474605828523636e-03
4.098909907042980194e-03
4.184411838650703430e-03
5.372765939682722092e-03
4.130488727241754532e-03
4.283106885850429535e-03
4.071881994605064392e-03
4.823924973607063293e-03
4.806977696716785431e-03
4.330110270529985428e-03
4.571881145238876343e-03
6.255776621401309967e-03
4.693197086453437805e-03
5.267580971121788025e-03
5.003635771572589874e-03
6.614557001739740372e-03
5.781196057796478271e-03
4.665978252887725830e-03
4.832663573324680328e-03
5.002878606319427490e-03
5.580867175012826920e-03
4.754816647619009018e-03
5.495219491422176361e-03
5.271613132208585739e-03
4.433961119502782822e-03
4.535101354122161865e-03
4.805099684745073318e-03
4.769618157297372818e-03
6.048254203051328659e-03
4.218293353915214539e-03
5.538162775337696075e-03
4.555346909910440445e-03
4.670791327953338623e-03
4.906335845589637756e-03
4.948207642883062363e-03
4.539151675999164581e-03
4.958124831318855286e-03
6.360078696161508560e-03
5.282781552523374557e-03
4.180395510047674179e-03
3.719441592693328857e-03
4.617784172296524048e-03
4.643731284886598587e-03
5.288447719067335129e-03
5.454009398818016052e-03
4.202894866466522217e-03
5.478143226355314255e-03
5.002370569854974747e-03
6.434442475438117981e-03
4.841948393732309341e-03
5.592672619968652725e-03
5.754416342824697495e-03
4.710350651293992996e-03
4.182152450084686279e-03
4.729591310024261475e-03
4.749556537717580795e-03
5.116787739098072052e-03
4.105321597307920456e-03
5.780785344541072845e-03
5.015590228140354156e-03
6.133541464805603027e-03
5.049284081906080246e-03
4.305630922317504883e-03
5.629803519695997238e-03
5.580667406320571899e-03
4.302440211176872253e-03
4.799713380634784698e-03
4.026435315608978271e-03
4.888569470494985580e-03
4.691030364483594894e-03
5.748188123106956482e-03
4.830998368561267853e-03
3.905514953657984734e-03
5.830495618283748627e-03
5.364311393350362778e-03
5.063315387815237045e-03
6.472054403275251389e-03
5.605832673609256744e-03
4.503548145294189453e-03
5.576463881880044937e-03
4.097632598131895065e-03
5.913803353905677795e-03
5.318020004779100418e-03
5.693400278687477112e-03
5.305334925651550293e-03
5.186809226870536804e-03
5.064770113676786423e-03
4.734122194349765778e-03
4.718018230050802231e-03
5.401193629950284958e-03
4.463447257876396179e-03
4.858777392655611038e-03
4.451213404536247253e-03
3.813227172940969467e-03
4.292890895158052444e-03
5.449233110994100571e-03
4.676592070609331131e-03
5.927785299718379974e-03
4.470492713153362274e-03
4.793375264853239059e-03
5.398444831371307373e-03
4.382191225886344910e-03
6.367010064423084259e-03
4.499732982367277145e-03
4.092001821845769882e-03
5.007671657949686050e-03
5.283408798277378082e-03
5.286224186420440674e-03
5.654499866068363190e-03
4.675722680985927582e-03
4.604677204042673111e-03
4.527358803898096085e-03
5.304303951561450958e-03
6.228104233741760254e-03
4.481184296309947968e-03
5.767445545643568039e-03
4.219277761876583099e-03
4.306146409362554550e-03
7.055826485157012939e-03
4.916387610137462616e-03
6.002369336783885956e-03
4.757872316986322403e-03
4.477960988879203796e-03
4.626890644431114197e-03
4.694016184657812119e-03
5.343330558389425278e-03
3.994353581219911575e-03
3.705596784129738808e-03
4.727985709905624390e-03
4.876769147813320160e-03
