4.639870487153530121e-03
5.508056841790676117e-03
5.756873637437820435e-03
4.758827853947877884e-03
4.892004653811454773e-03
4.737532231956720352e-03
4.647613037377595901e-03
6.144741550087928772e-03
5.355368368327617645e-03
4.456026013940572739e-03
5.190969444811344147e-03
5.090886261314153671e-03
5.427785217761993408e-03
4.290030803531408310e-03
4.315820988267660141e-03
4.194348584860563278e-03
4.952977411448955536e-03
5.284590646624565125e-03
5.668302066624164581e-03
4.409413319081068039e-03
4.633543081581592560e-03
4.960188642144203186e-03
5.304147023707628250e-03
5.235300399363040924e-03
5.190531257539987564e-03
5.597919225692749023e-03
5.021022167056798935e-03
5.411957390606403351e-03
4.345139488577842712e-03
4.697242286056280136e-03
4.195749294012784958e-03
5.520820152014493942e-03
5.902611184865236282e-03
4.875557962805032730e-03
5.208498332649469376e-03
4.285193514078855515e-03
5.293005146086215973e-03
4.208727274090051651e-03
4.342814907431602478e-03
4.639379214495420456e-03
5.168057978153228760e-03
4.349656868726015091e-03
4.528938326984643936e-03
4.496475216001272202e-03
4.845618735998868942e-03
4.379504360258579254e-03
6.012901198118925095e-03
5.106965079903602600e-03
5.239925812929868698e-03
5.112028680741786957e-03
4.568377509713172913e-03
5.293749272823333740e-03
6.316307466477155685e-03
5.678994115442037582e-03
5.503430031239986420e-03
4.652275238186120987e-03
4.406126216053962708e-03
5.005805287510156631e-03
5.596278235316276550e-03
4.386626183986663818e-03
4.609281662851572037e-03
4.053005948662757874e-03
5.763132125139236450e-03
5.201174411922693253e-03
4.587052389979362488e-03
5.581761244684457779e-03
5.085044540464878082e-03
4.883163142949342728e-03
5.217138677835464478e-03
5.717526655644178391e-03
4.591847769916057587e-03
4.480647854506969452e-03
5.460438784211874008e-03
3.653823863714933395e-03
5.558207165449857712e-03
5.367077887058258057e-03
5.176133476197719574e-03
5.287009757012128830e-03
5.865802988409996033e-03
4.937950521707534790e-03
5.161436274647712708e-03
4.823166877031326294e-03
5.485623143613338470e-03
5.600992124527692795e-03
4.164244979619979858e-03
4.507467150688171387e-03
4.973651841282844543e-03
5.780439823865890503e-03
5.069505423307418823e-03
4.602751228958368301e-03
4.943433217704296112e-03
5.330306943506002426e-03
4.744876176118850708e-03
5.339893978089094162e-03
5.094611085951328278e-03
4.551346413791179657e-03
5.639637354761362076e-03
4.479371476918458939e-03
3.911087289452552795e-03
4.893283359706401825e-03
5.343801341950893402e-03
4.924111068248748779e-03
4.539605230093002319e-03
4.920498002320528030e-03
4.688002169132232666e-03
4.152536392211914062e-03
4.912190604954957962e-03
4.892302211374044418e-03
5.476006306707859039e-03
5.270025692880153656e-03
5.599203053861856461e-03
4.231240600347518921e-03
5.525526590645313263e-03
4.860964138060808182e-03
5.266461055725812912e-03
4.787269048392772675e-03
5.587349645793437958e-03
5.046650301665067673e-03
5.532050039619207382e-03
4.054303281009197235e-03
4.725618287920951843e-03
4.863937385380268097e-03
5.236436612904071808e-03
4.004647023975849152e-03
5.388458259403705597e-03
4.926038440316915512e-03
4.653418902307748795e-03
5.978867411613464355e-03
5.619934294372797012e-03
4.543344955891370773e-03
4.974385723471641541e-03
4.775007255375385284e-03
4.942625295370817184e-03
4.925888963043689728e-03
5.386993288993835449e-03
5.274787545204162598e-03
6.073822733014822006e-03
4.900719970464706421e-03
5.651861429214477539e-03
5.252670496702194214e-03
5.408473312854766846e-03
4.936446901410818100e-03
5.814597010612487793e-03
4.953472409397363663e-03
5.974872503429651260e-03
3.922924399375915527e-03
4.766898695379495621e-03
4.884504713118076324e-03
5.600074306130409241e-03
4.473556764423847198e-03
3.989395219832658768e-03
4.458507522940635681e-03
4.697256255894899368e-03
5.767892114818096161e-03
4.946821834892034531e-03
5.814428906887769699e-03
4.558196291327476501e-03
4.456186667084693909e-03
5.433120299130678177e-03
4.760888405144214630e-03
4.841204732656478882e-03
5.103496834635734558e-03
4.909547045826911926e-03
4.270472563803195953e-03
4.793138243257999420e-03
5.105701740831136703e-03
5.189355928450822830e-03
4.113078583031892776e-03
4.985377192497253418e-03
4.861995112150907516e-03
5.409080069512128830e-03
5.276506766676902771e-03
5.820182617753744125e-03
4.790613893419504166e-03
4.866239614784717560e-03
5.009880289435386658e-03
5.700854118913412094e-03
5.525906570255756378e-03
4.185508005321025848e-03
4.961119964718818665e-03
5.504222586750984192e-03
4.414663650095462799e-03
5.095973145216703415e-03
5.315925925970077515e-03
5.377041175961494446e-03
5.069891922175884247e-03
4.914861638098955154e-03
5.015331786125898361e-03
4.527850542217493057e-03
5.634881556034088135e-03
4.492034669965505600e-03
4.797442350536584854e-03
5.726945120841264725e-03
3.949073143303394318e-03
5.545201245695352554e-03
4.923547618091106415e-03
4.875487182289361954e-03
4.536831285804510117e-03
5.219222512096166611e-03
4.602517466992139816e-03
