5.066103767603635788e-03
4.950697999447584152e-03
5.173513200134038925e-03
5.140329245477914810e-03
4.970297217369079590e-03
5.075786262750625610e-03
5.001150071620941162e-03
5.306207574903964996e-03
5.059401039034128189e-03
5.203256849199533463e-03
4.886941052973270416e-03
5.116038955748081207e-03
4.952649120241403580e-03
4.919455386698246002e-03
5.309272091835737228e-03
4.962544888257980347e-03
5.206708330661058426e-03
5.020018666982650757e-03
4.775495268404483795e-03
4.752818960696458817e-03
4.793905653059482574e-03
4.797059111297130585e-03
4.750560503453016281e-03
5.088255275040864944e-03
4.927779547870159149e-03
4.998601973056793213e-03
5.041942931711673737e-03
5.092983134090900421e-03
5.194680765271186829e-03
5.303984507918357849e-03
4.818090237677097321e-03
5.086156539618968964e-03
4.909534938633441925e-03
5.207336507737636566e-03
5.080735776573419571e-03
5.286593455821275711e-03
4.993950482457876205e-03
5.098312161862850189e-03
4.993906710296869278e-03
5.131641868501901627e-03
5.030913744121789932e-03
5.065860692411661148e-03
5.196431651711463928e-03
5.186323076486587524e-03
4.900563973933458328e-03
5.119912791997194290e-03
4.705759231001138687e-03
5.137978587299585342e-03
4.958294332027435303e-03
5.284033715724945068e-03
5.377755500376224518e-03
4.927041474729776382e-03
5.085082259029150009e-03
5.021388642489910126e-03
5.247212480753660202e-03
4.842906259000301361e-03
4.866125993430614471e-03
4.717511124908924103e-03
4.939481616020202637e-03
4.867261275649070740e-03
4.785935394465923309e-03
5.141253117471933365e-03
5.045138299465179443e-03
4.918560385704040527e-03
5.183172412216663361e-03
5.060126073658466339e-03
4.854970145970582962e-03
5.106642376631498337e-03
4.807404242455959320e-03
4.778552334755659103e-03
5.161060485988855362e-03
5.100409965962171555e-03
4.974874202162027359e-03
4.971805959939956665e-03
4.992500878870487213e-03
4.971420392394065857e-03
4.786429926753044128e-03
5.054290872067213058e-03
5.023847334086894989e-03
4.855489823967218399e-03
5.100087262690067291e-03
5.198572762310504913e-03
4.797335714101791382e-03
5.302046425640583038e-03
4.852936137467622757e-03
4.988795612007379532e-03
5.159380380064249039e-03
4.654951393604278564e-03
4.710366949439048767e-03
4.879068583250045776e-03
4.888057243078947067e-03
5.147915333509445190e-03
4.822956398129463196e-03
4.717687610536813736e-03
5.191549193114042282e-03
4.785157274454832077e-03
5.102393683046102524e-03
5.110146477818489075e-03
5.097373854368925095e-03
4.980714060366153717e-03
5.118971690535545349e-03
5.063064396381378174e-03
5.085818003863096237e-03
4.914985969662666321e-03
4.981517326086759567e-03
4.995665978640317917e-03
5.244335625320672989e-03
5.305548198521137238e-03
5.056136753410100937e-03
4.907197318971157074e-03
4.836211446672677994e-03
5.253712181001901627e-03
4.692539107054471970e-03
5.173886660486459732e-03
5.108922719955444336e-03
4.992935340851545334e-03
4.986329469829797745e-03
4.831539932638406754e-03
4.898266401141881943e-03
4.963263403624296188e-03
5.036811809986829758e-03
4.921981133520603180e-03
4.968920722603797913e-03
5.345274694263935089e-03
4.973707720637321472e-03
4.974414594471454620e-03
5.052786786109209061e-03
5.029389634728431702e-03
5.072643980383872986e-03
5.213085561990737915e-03
4.860510118305683136e-03
4.739609081298112869e-03
5.048755090683698654e-03
4.746553022414445877e-03
4.820505622774362564e-03
5.145783536136150360e-03
5.087330471724271774e-03
4.806223325431346893e-03
4.979469813406467438e-03
5.098859779536724091e-03
4.954571370035409927e-03
4.992738831788301468e-03
4.974768497049808502e-03
4.977813456207513809e-03
4.752999637275934219e-03
4.914488177746534348e-03
4.689403809607028961e-03
5.053973291069269180e-03
4.986478015780448914e-03
4.997133743017911911e-03
4.957029595971107483e-03
5.063378717750310898e-03
5.123557057231664658e-03
4.793877247720956802e-03
4.741710610687732697e-03
4.785018973052501678e-03
5.190775729715824127e-03
4.996777046471834183e-03
4.986331332474946976e-03
4.850839264690876007e-03
4.661459941416978836e-03
4.609407857060432434e-03
4.911649972200393677e-03
4.960871767252683640e-03
4.883640911430120468e-03
4.999299533665180206e-03
5.270487163215875626e-03
4.867516458034515381e-03
5.013121291995048523e-03
5.186173133552074432e-03
5.175557453185319901e-03
4.926688969135284424e-03
5.078318528831005096e-03
4.785501398146152496e-03
4.815129097551107407e-03
5.085362121462821960e-03
4.760376177728176117e-03
4.974705167114734650e-03
4.817777778953313828e-03
5.266482476145029068e-03
4.951321985572576523e-03
4.907913040369749069e-03
5.235285963863134384e-03
5.004513077437877655e-03
5.288080312311649323e-03
4.845344461500644684e-03
5.024232435971498489e-03
4.812701605260372162e-03
5.186954047530889511e-03
4.891350865364074707e-03
5.117189604789018631e-03
5.108462180942296982e-03
4.932705312967300415e-03
5.293123889714479446e-03
4.949775524437427521e-03
5.053602624684572220e-03
4.739760886877775192e-03
4.950096830725669861e-03
5.248391069471836090e-03
5.308587569743394852e-03
