1.607482321560382843e-03
1.969293458387255669e-03
1.696792081929743290e-03
1.324508571997284889e-03
2.146318089216947556e-03
1.461562933400273323e-03
1.153101096861064434e-03
1.348166260868310928e-03
1.877316622994840145e-03
1.808905741199851036e-03
1.504876883700489998e-03
1.922654453665018082e-03
1.719438820146024227e-03
1.695202779956161976e-03
1.401248737238347530e-03
1.546920044347643852e-03
1.380302011966705322e-03
1.580960233695805073e-03
1.899907947517931461e-03
1.609496073797345161e-03
1.345548313111066818e-03
2.010974800214171410e-03
1.420569722540676594e-03
2.075272845104336739e-03
1.421951805241405964e-03
1.827549887821078300e-03
1.904054428450763226e-03
1.248955260962247849e-03
1.485822140239179134e-03
1.928797108121216297e-03
1.589608029462397099e-03
1.488646492362022400e-03
1.670509576797485352e-03
1.874243374913930893e-03
1.696105231530964375e-03
1.717629376798868179e-03
1.796499826014041901e-03
1.640946138650178909e-03
1.922796014696359634e-03
1.919873873703181744e-03
1.500952173955738544e-03
1.596599118784070015e-03
1.629532664082944393e-03
1.461632899008691311e-03
1.733337761834263802e-03
1.964917639270424843e-03
1.173927099443972111e-03
1.934661413542926311e-03
1.327808364294469357e-03
1.750438241288065910e-03
1.674815895967185497e-03
1.616572495549917221e-03
1.934352447278797626e-03
1.308734877966344357e-03
2.012041397392749786e-03
1.839935430325567722e-03
1.786629669368267059e-03
1.781964092515408993e-03
1.235243980772793293e-03
1.655813073739409447e-03
1.806898857466876507e-03
1.719627645798027515e-03
2.084959065541625023e-03
1.456437399610877037e-03
1.608155551366508007e-03
1.403159112669527531e-03
1.671180245466530323e-03
1.898813992738723755e-03
1.373355276882648468e-03
1.980826258659362793e-03
1.625107950530946255e-03
1.389642129652202129e-03
1.925348187796771526e-03
1.753432792611420155e-03
1.183567102998495102e-03
1.673215068876743317e-03
1.913409912958741188e-03
1.683126203715801239e-03
2.092017792165279388e-03
2.094377763569355011e-03
1.715243677608668804e-03
1.877874368801712990e-03
1.495545497164130211e-03
1.451077172532677650e-03
1.570674008689820766e-03
1.243518781848251820e-03
1.398348831571638584e-03
1.699223765172064304e-03
1.829101238399744034e-03
1.566603546962141991e-03
1.976266503334045410e-03
1.672137528657913208e-03
1.750190043821930885e-03
1.307693775743246078e-03
1.951420796103775501e-03
1.714010839350521564e-03
1.406272873282432556e-03
1.438937382772564888e-03
1.240332960151135921e-03
1.509015215560793877e-03
1.621345407329499722e-03
1.429212396033108234e-03
1.705218222923576832e-03
1.832481706514954567e-03
1.590971485711634159e-03
1.949490513652563095e-03
1.919606816954910755e-03
1.812259200960397720e-03
1.667306525632739067e-03
1.681151799857616425e-03
1.615573186427354813e-03
1.417562831193208694e-03
1.649745274335145950e-03
1.835962408222258091e-03
1.714472542516887188e-03
1.730801654048264027e-03
1.568647334352135658e-03
1.567941275425255299e-03
1.851983601227402687e-03
1.538178068585693836e-03
1.563795143738389015e-03
1.832578447647392750e-03
1.680111745372414589e-03
1.661307876929640770e-03
1.625629491172730923e-03
1.550171524286270142e-03
1.846742583438754082e-03
1.780279912054538727e-03
1.812639762647449970e-03
1.546617248095571995e-03
1.791520626284182072e-03
1.887071644887328148e-03
1.335683860816061497e-03
1.881876494735479355e-03
2.077094512060284615e-03
1.353370724245905876e-03
1.641698065213859081e-03
1.787438057363033295e-03
1.587590086273849010e-03
2.077234676107764244e-03
1.535107498057186604e-03
1.138293067924678326e-03
1.957241212949156761e-03
1.316107111051678658e-03
1.424163929186761379e-03
2.020924352109432220e-03
1.735399942845106125e-03
1.570255379192531109e-03
1.607649843208491802e-03
1.201892970129847527e-03
1.435196958482265472e-03
1.836945419199764729e-03
1.734425080940127373e-03
1.478343503549695015e-03
1.701838220469653606e-03
1.440255437046289444e-03
1.490097842179238796e-03
1.763070700690150261e-03
1.411922508850693703e-03
1.911426777951419353e-03
1.518994569778442383e-03
1.751290750689804554e-03
1.647005323320627213e-03
1.413568854331970215e-03
2.075603697448968887e-03
1.847772160544991493e-03
1.565607031807303429e-03
1.916988170705735683e-03
1.527119195088744164e-03
1.808492816053330898e-03
1.895370427519083023e-03
1.239872886799275875e-03
1.904640696011483669e-03
1.615494955331087112e-03
1.452234573662281036e-03
1.433043507859110832e-03
1.546189305372536182e-03
1.348986639641225338e-03
1.572669134475290775e-03
1.547556952573359013e-03
1.656043226830661297e-03
1.452654250897467136e-03
1.710395561531186104e-03
1.780833117663860321e-03
1.878495793789625168e-03
1.809957670047879219e-03
1.802354934625327587e-03
1.893327105790376663e-03
1.473265467211604118e-03
1.557341311126947403e-03
1.888373517431318760e-03
1.625492237508296967e-03
1.491981092840433121e-03
1.650153659284114838e-03
1.569533953443169594e-03
1.710707088932394981e-03
2.012556651607155800e-03
1.681145979091525078e-03
1.945946016348898411e-03
1.617968780919909477e-03
1.266472390852868557e-03
1.552444184198975563e-03
1.636055298149585724e-03
1.557942829094827175e-03
1.615261542610824108e-03
1.820278586819767952e-03
1.621614908799529076e-03
1.588080078363418579e-03
2.019325271248817444e-03
1.745467423461377621e-03
1.650047139264643192e-03
1.940174144692718983e-03
1.762433443218469620e-03
1.724316389299929142e-03
1.377988141030073166e-03
1.892249798402190208e-03
1.727650407701730728e-03
1.432718010619282722e-03
1.801225240342319012e-03
1.576665206812322140e-03
1.978816930204629898e-03
1.806821906939148903e-03
1.718998653814196587e-03
1.498244819231331348e-03
1.560451346449553967e-03
1.897134818136692047e-03
1.751326024532318115e-03
1.225386746227741241e-03
1.206261105835437775e-03
1.658760826103389263e-03
1.601783675141632557e-03
2.251577796414494514e-03
1.645201584324240685e-03
1.561498851515352726e-03
1.583854784257709980e-03
1.453150296583771706e-03
1.830912311561405659e-03
2.146156271919608116e-03
1.819364144466817379e-03
1.603284967131912708e-03
1.276653492823243141e-03
1.544499187730252743e-03
1.688639051280915737e-03
1.828359439969062805e-03
1.600531861186027527e-03
1.678034081123769283e-03
1.820053905248641968e-03
1.601844676770269871e-03
1.593354041688144207e-03
1.655806903727352619e-03
1.774972537532448769e-03
1.681687892414629459e-03
1.707520801573991776e-03
1.755253993906080723e-03
1.718845800496637821e-03
1.502624829299747944e-03
1.456678379327058792e-03
1.447827438823878765e-03
1.827548607252538204e-03
1.576720038428902626e-03
1.340068643912672997e-03
1.362619805149734020e-03
1.531602465547621250e-03
1.834784750826656818e-03
1.975677907466888428e-03
1.805799431167542934e-03
1.586303347721695900e-03
1.707214629277586937e-03
1.805517706088721752e-03
1.752516953274607658e-03
1.701573492027819157e-03
1.713962526991963387e-03
1.824475941248238087e-03
1.984076341614127159e-03
1.549138454720377922e-03
2.087545348331332207e-03
1.942289876751601696e-03
1.998067833483219147e-03
1.236446318216621876e-03
1.743469852954149246e-03
1.921088085509836674e-03
2.101471880450844765e-03
1.549148582853376865e-03
1.582824159413576126e-03
1.749530434608459473e-03
1.073921914212405682e-03
1.592854969203472137e-03
1.644722302444279194e-03
1.544071128591895103e-03
2.081842161715030670e-03
1.854495960287749767e-03
1.493246993049979210e-03
1.617434085346758366e-03
1.719741267152130604e-03
1.651144702918827534e-03
1.801613951101899147e-03
1.904281903989613056e-03
1.446936279535293579e-03
1.726183574646711349e-03
2.116024959832429886e-03
1.687739626504480839e-03
1.869465573690831661e-03
1.874516252428293228e-03
1.488276175223290920e-03
1.892770989798009396e-03
1.685080933384597301e-03
1.507138484157621861e-03
1.677915803156793118e-03
2.130075125023722649e-03
2.233396284282207489e-03
1.619458082132041454e-03
1.885736244730651379e-03
1.686108647845685482e-03
1.962731126695871353e-03
1.848824322223663330e-03
1.402219408191740513e-03
1.831582980230450630e-03
1.622201292775571346e-03
2.107365522533655167e-03
1.182797248475253582e-03
1.464518369175493717e-03
1.682196161709725857e-03
1.531056477688252926e-03
1.921650371514260769e-03
1.972970785573124886e-03
1.793691888451576233e-03
1.600534887984395027e-03
1.607122365385293961e-03
1.494093216024339199e-03
1.475645578466355801e-03
1.725220354273915291e-03
1.653268118388950825e-03
1.766889472492039204e-03
1.883487333543598652e-03
1.475448720157146454e-03
1.534336246550083160e-03
1.469886396080255508e-03
1.688656513579189777e-03
1.588047016412019730e-03
1.447382732294499874e-03
1.306341611780226231e-03
1.707340590655803680e-03
1.676198327913880348e-03
1.720159547403454781e-03
1.646685064770281315e-03
1.751900068484246731e-03
1.354189007543027401e-03
2.077636541798710823e-03
1.779062091372907162e-03
2.066216431558132172e-03
1.486017485149204731e-03
1.559332362376153469e-03
1.354068750515580177e-03
1.733586075715720654e-03
1.799737685360014439e-03
1.466243644244968891e-03
1.637986395508050919e-03
1.711547956801950932e-03
1.556073897518217564e-03
1.972018973901867867e-03
1.775477547198534012e-03
2.047057263553142548e-03
1.673420309089124203e-03
1.752115669660270214e-03
1.542479847557842731e-03
1.664122915826737881e-03
1.539918244816362858e-03
1.926944940350949764e-03
1.527912099845707417e-03
1.798146055079996586e-03
1.490616705268621445e-03
1.425226801075041294e-03
1.555722788907587528e-03
1.372769125737249851e-03
1.877041882835328579e-03
1.535092480480670929e-03
1.837255316786468029e-03
2.191028557717800140e-03
1.396942883729934692e-03
1.515907002612948418e-03
1.645243843086063862e-03
1.910028280690312386e-03
1.991832628846168518e-03
1.365927048027515411e-03
1.887718215584754944e-03
1.761279185302555561e-03
1.461798907257616520e-03
1.712118042632937431e-03
1.735599013045430183e-03
1.808254048228263855e-03
1.709743402898311615e-03
1.805770676583051682e-03
1.424813643097877502e-03
1.722576795145869255e-03
1.686729141511023045e-03
1.455655437894165516e-03
1.927963807247579098e-03
1.428729156032204628e-03
1.673924736678600311e-03
1.609251135960221291e-03
1.332382787950336933e-03
1.535046729259192944e-03
1.547079300507903099e-03
1.591237029060721397e-03
1.744510722346603870e-03
1.665081945247948170e-03
1.762616331689059734e-03
1.810137997381389141e-03
1.626514829695224762e-03
1.528533175587654114e-03
1.748847309499979019e-03
1.719432300888001919e-03
1.743061118759214878e-03
1.787773915566504002e-03
1.812939997762441635e-03
1.800701487809419632e-03
1.693953410722315311e-03
1.863419194705784321e-03
1.796656171791255474e-03
1.717079663649201393e-03
1.329229329712688923e-03
1.573792775161564350e-03
1.691979006864130497e-03
1.493416144512593746e-03
1.340920338407158852e-03
1.636972301639616489e-03
2.046087523922324181e-03
1.634378102608025074e-03
1.551531604491174221e-03
1.527256681583821774e-03
1.220690319314599037e-03
1.676520332694053650e-03
2.066015964373946190e-03
1.794522511772811413e-03
1.850066822953522205e-03
2.044253749772906303e-03
1.810446730814874172e-03
1.469418057240545750e-03
2.025272464379668236e-03
1.815164112485945225e-03
1.902174437418580055e-03
2.192094456404447556e-03
1.910757389850914478e-03
2.034465083852410316e-03
1.482873689383268356e-03
1.602872740477323532e-03
1.691013458184897900e-03
1.829832792282104492e-03
1.884744153358042240e-03
1.885932986624538898e-03
1.562737743370234966e-03
1.691738259978592396e-03
1.556585892103612423e-03
1.246733008883893490e-03
1.508319517597556114e-03
2.031745621934533119e-03
2.008617855608463287e-03
1.749110757373273373e-03
1.394755672663450241e-03
1.755018252879381180e-03
1.591359381563961506e-03
1.548065105453133583e-03
1.649057376198470592e-03
1.984009053558111191e-03
1.613806001842021942e-03
1.399666885845363140e-03
1.444152090698480606e-03
1.426306786015629768e-03
1.582326483912765980e-03
1.856694580055773258e-03
1.634102896787226200e-03
1.872187480330467224e-03
1.116676605306565762e-03
1.871322747319936752e-03
1.835784059949219227e-03
1.208800473250448704e-03
1.538246753625571728e-03
1.642907154746353626e-03
1.652684877626597881e-03
1.593715976923704147e-03
1.499903155490756035e-03
1.958375563845038414e-03
1.910418504849076271e-03
1.795565825887024403e-03
1.430812175385653973e-03
1.625501550734043121e-03
1.260117511264979839e-03
1.487083034589886665e-03
1.946671167388558388e-03
1.950761186890304089e-03
1.536567579023540020e-03
1.562862540595233440e-03
1.979286782443523407e-03
1.470398390665650368e-03
1.362556475214660168e-03
1.716104103252291679e-03
1.213223207741975784e-03
1.421171473339200020e-03
1.671406091190874577e-03
1.737165497615933418e-03
1.814580755308270454e-03
1.994148595258593559e-03
1.718209940008819103e-03
1.585538848303258419e-03
1.319125760346651077e-03
1.833793940022587776e-03
2.033061347901821136e-03
1.699756714515388012e-03
1.412997022271156311e-03
1.845860970206558704e-03
1.320011564530432224e-03
1.682946807704865932e-03
1.661393791437149048e-03
1.567540341056883335e-03
1.706775045022368431e-03
1.610007253475487232e-03
1.608969294466078281e-03
1.387231750413775444e-03
1.607350190170109272e-03
2.080234931781888008e-03
1.718940446153283119e-03
1.833919668570160866e-03
1.750323805026710033e-03
1.851895358413457870e-03
1.607498154044151306e-03
1.972650643438100815e-03
1.461411593481898308e-03
1.110958983190357685e-03
1.564316800795495510e-03
1.388849923387169838e-03
1.916687469929456711e-03
1.416770624928176403e-03
1.323500182479619980e-03
1.739508123137056828e-03
2.043104032054543495e-03
1.266604522243142128e-03
1.889029284939169884e-03
1.475500990636646748e-03
1.496703014709055424e-03
1.502527738921344280e-03
1.849510124884545803e-03
1.527783111669123173e-03
1.972576836124062538e-03
1.624288037419319153e-03
2.105669118463993073e-03
1.259197015315294266e-03
1.694428850896656513e-03
1.522635808214545250e-03
1.550760236568748951e-03
1.430010073818266392e-03
1.770084025338292122e-03
1.912733772769570351e-03
1.293988316319882870e-03
1.755371456965804100e-03
1.965356990694999695e-03
1.588472281582653522e-03
1.796800992451608181e-03
2.126194303855299950e-03
1.842787140049040318e-03
1.898272661492228508e-03
1.560586038976907730e-03
1.654428080655634403e-03
1.563187572173774242e-03
1.581475720740854740e-03
1.493100426159799099e-03
2.021820517256855965e-03
1.524553284980356693e-03
1.786680077202618122e-03
2.022019354626536369e-03
1.401011715643107891e-03
1.521757105365395546e-03
1.344246324151754379e-03
2.018139930441975594e-03
1.494613825343549252e-03
1.991352066397666931e-03
1.674341736361384392e-03
1.788933761417865753e-03
1.485186512582004070e-03
1.672521466389298439e-03
1.669634366407990456e-03
1.302793156355619431e-03
1.596307498402893543e-03
1.258932985365390778e-03
1.488322624936699867e-03
1.308725448325276375e-03
1.422738423570990562e-03
1.867740415036678314e-03
1.766872359439730644e-03
1.340613933280110359e-03
1.709268079139292240e-03
1.949025667272508144e-03
1.254400587640702724e-03
1.762973377481102943e-03
1.777232857421040535e-03
2.073181560263037682e-03
1.431813696399331093e-03
1.610457780770957470e-03
1.249531167559325695e-03
1.747688278555870056e-03
1.526789041236042976e-03
