1.535412273369729519e-03
1.822709920816123486e-03
1.905047567561268806e-03
1.574777299538254738e-03
1.618847716599702835e-03
1.567730214446783066e-03
1.537974341772496700e-03
2.033399883657693863e-03
1.772182760760188103e-03
1.474574906751513481e-03
1.717780367471277714e-03
1.684661139734089375e-03
1.796146621927618980e-03
1.419644337147474289e-03
1.428178744390606880e-03
1.387981465086340904e-03
1.639024703763425350e-03
1.748761045746505260e-03
1.875737798400223255e-03
1.459149993024766445e-03
1.533318427391350269e-03
1.641410985030233860e-03
1.755232689902186394e-03
1.732450211420655251e-03
1.717635313980281353e-03
1.852446934208273888e-03
1.661541755311191082e-03
1.790908980183303356e-03
1.437880797311663628e-03
1.554397516883909702e-03
1.388444914482533932e-03
1.826933585107326508e-03
1.953274710103869438e-03
1.613405183888971806e-03
1.723580877296626568e-03
1.418043626472353935e-03
1.751545700244605541e-03
1.392739592120051384e-03
1.437111524865031242e-03
1.535249757580459118e-03
1.710198470391333103e-03
1.439375570043921471e-03
1.498702913522720337e-03
1.487960340455174446e-03
1.603497890755534172e-03
1.449252595193684101e-03
1.989771611988544464e-03
1.689981785602867603e-03
1.733980840072035789e-03
1.691657467745244503e-03
1.511754002422094345e-03
1.751791918650269508e-03
2.090174006298184395e-03
1.879276009276509285e-03
1.821178942918777466e-03
1.539517194032669067e-03
1.458062324672937393e-03
1.656506210565567017e-03
1.851903856731951237e-03
1.451609306968748569e-03
1.525289844721555710e-03
1.341208815574645996e-03
1.907118712551891804e-03
1.721157343126833439e-03
1.517933793365955353e-03
1.847099978476762772e-03
1.682727946899831295e-03
1.615921966731548309e-03
1.726440154016017914e-03
1.892027095891535282e-03
1.519520767033100128e-03
1.482722815126180649e-03
1.806952292099595070e-03
1.209112582728266716e-03
1.839305390603840351e-03
1.776057644747197628e-03
1.712870784103870392e-03
1.749561633914709091e-03
1.941094174981117249e-03
1.634052023291587830e-03
1.708007301203906536e-03
1.596068148501217365e-03
1.815286232158541679e-03
1.853463822044432163e-03
1.378019689582288265e-03
1.491597737185657024e-03
1.645866199396550655e-03
1.912846113555133343e-03
1.677585765719413757e-03
1.523128943517804146e-03
1.635866356082260609e-03
1.763889449648559093e-03
1.570160384289920330e-03
1.767061999998986721e-03
1.685893628746271133e-03
1.506118220277130604e-03
1.866252161562442780e-03
1.482300460338592529e-03
1.294245477765798569e-03
1.619270886294543743e-03
1.768354908563196659e-03
1.629472244530916214e-03
1.502232742495834827e-03
1.628276659175753593e-03
1.551339868456125259e-03
1.374145038425922394e-03
1.625527627766132355e-03
1.618946203961968422e-03
1.812103786505758762e-03
1.743941335007548332e-03
1.852871733717620373e-03
1.400189707055687904e-03
1.828490989282727242e-03
1.608575927093625069e-03
1.742761814966797829e-03
1.584188896231353283e-03
1.848949235863983631e-03
1.670022611506283283e-03
1.830649678595364094e-03
1.341638038866221905e-03
1.563787693157792091e-03
1.609559752978384495e-03
1.732826232910156250e-03
1.325206016190350056e-03
1.783132669515907764e-03
1.630110200494527817e-03
1.539895660243928432e-03
1.978509128093719482e-03
1.859732088632881641e-03
1.503470353782176971e-03
1.646109041757881641e-03
1.580131240189075470e-03
1.635598950088024139e-03
1.630060607567429543e-03
1.782647916115820408e-03
1.745517132803797722e-03
2.009931486099958420e-03
1.621731673367321491e-03
1.870297361165285110e-03
1.738198217935860157e-03
1.789756119251251221e-03
1.633554464206099510e-03
1.924149342812597752e-03
1.639188500121235847e-03
1.977187115699052811e-03
1.298162620514631271e-03
1.577448099851608276e-03
1.616365858353674412e-03
1.853160094469785690e-03
1.480376115068793297e-03
1.320158946327865124e-03
1.475396100431680679e-03
1.554402173496782780e-03
1.908693811856210232e-03
1.636987668462097645e-03
1.924093696288764477e-03
1.508384826593101025e-03
1.474628108553588390e-03
1.797912176698446274e-03
1.575459144078195095e-03
1.602037227712571621e-03
1.688834163360297680e-03
1.624652766622602940e-03
1.413172110915184021e-03
1.586131169460713863e-03
1.689563738182187080e-03
1.717246370390057564e-03
1.361087895929813385e-03
1.649746322073042393e-03
1.608917140401899815e-03
1.789956819266080856e-03
1.746086054481565952e-03
1.925997668877243996e-03
1.585295773111283779e-03
1.610321691259741783e-03
1.657854882068932056e-03
1.886509824544191360e-03
1.828616717830300331e-03
1.385055948048830032e-03
1.641719136387109756e-03
1.821441110223531723e-03
1.460887491703033447e-03
1.686344388872385025e-03
1.759130507707595825e-03
1.779354526661336422e-03
1.677713706158101559e-03
1.626411452889442444e-03
1.659658853895962238e-03
1.498342957347631454e-03
1.864678459241986275e-03
1.486490946263074875e-03
1.587555510923266411e-03
1.895143766887485981e-03
1.306815654970705509e-03
1.835001632571220398e-03
1.629285747185349464e-03
1.613381900824606419e-03
1.501314807683229446e-03
1.727129681967198849e-03
1.523051527328789234e-03
1.297156442888081074e-03
1.679651089943945408e-03
1.664331066422164440e-03
1.273857080377638340e-03
1.527036307379603386e-03
1.855088281445205212e-03
1.726594637148082256e-03
1.836218987591564655e-03
1.509584719315171242e-03
1.544107566587626934e-03
1.638004090636968613e-03
1.466071000322699547e-03
1.743644243106245995e-03
1.916284556500613689e-03
1.944536692462861538e-03
1.734367222525179386e-03
1.654041116125881672e-03
1.768742571584880352e-03
1.574205467477440834e-03
1.953503582626581192e-03
1.894088927656412125e-03
1.913677668198943138e-03
1.661371556110680103e-03
1.609065220691263676e-03
1.398865366354584694e-03
1.505667460151016712e-03
1.512433751486241817e-03
1.375050167553126812e-03
1.488363370299339294e-03
1.613222295418381691e-03
1.417651306837797165e-03
1.748316222801804543e-03
1.635614316910505295e-03
1.706272945739328861e-03
1.424567424692213535e-03
1.670519588515162468e-03
1.946890028193593025e-03
1.665428164415061474e-03
1.530737034045159817e-03
1.712298835627734661e-03
1.703951158560812473e-03
1.560576958581805229e-03
1.795719610527157784e-03
1.538064796477556229e-03
1.639062538743019104e-03
1.385716605000197887e-03
1.445869565941393375e-03
1.684873132035136223e-03
1.629478996619582176e-03
1.663227682001888752e-03
1.750545809045433998e-03
1.619787188246846199e-03
1.628867001272737980e-03
1.661783549934625626e-03
1.690194709226489067e-03
1.658514491282403469e-03
1.518187578767538071e-03
1.806581742130219936e-03
1.564408536069095135e-03
1.596919726580381393e-03
1.959598390385508537e-03
1.885899924673140049e-03
1.567239407449960709e-03
1.935093780048191547e-03
1.364236813969910145e-03
1.776659977622330189e-03
1.592426095157861710e-03
1.756572979502379894e-03
1.725179958157241344e-03
1.940619782544672489e-03
1.794191077351570129e-03
1.519182929769158363e-03
1.467387774027884007e-03
1.723675290122628212e-03
1.477244193665683270e-03
1.484448439441621304e-03
1.378912711516022682e-03
1.626211334951221943e-03
1.530890469439327717e-03
1.507698907516896725e-03
1.662778900936245918e-03
2.117253141477704048e-03
1.664967858232557774e-03
1.838622963987290859e-03
1.631984021514654160e-03
2.109430963173508644e-03
1.743201399222016335e-03
1.646151416935026646e-03
1.678383443504571915e-03
1.571485423482954502e-03
1.830330118536949158e-03
1.575054135173559189e-03
1.706993905827403069e-03
1.698350650258362293e-03
1.487866626121103764e-03
1.657371292822062969e-03
1.666279626078903675e-03
1.723302993923425674e-03
1.900517614558339119e-03
1.465127803385257721e-03
1.634410815313458443e-03
1.532231341116130352e-03
1.628804951906204224e-03
1.574992784298956394e-03
1.669469405896961689e-03
1.557411160320043564e-03
1.472378149628639221e-03
1.901234034448862076e-03
1.805615029297769070e-03
1.490626600570976734e-03
1.422358793206512928e-03
1.488412730395793915e-03
1.688879798166453838e-03
1.735895173624157906e-03
1.651550643146038055e-03
1.530267531052231789e-03
1.597762107849121094e-03
1.612894353456795216e-03
1.843204372562468052e-03
1.581341726705431938e-03
1.812983769923448563e-03
1.773179275915026665e-03
1.633610343560576439e-03
1.605637953616678715e-03
1.708402764052152634e-03
1.706958515569567680e-03
1.740476582199335098e-03
1.491611474193632603e-03
1.755797071382403374e-03
1.576209790073335171e-03
1.918623805977404118e-03
1.788093708455562592e-03
1.519323559477925301e-03
1.809305744245648384e-03
1.723555731587111950e-03
1.489309594035148621e-03
1.848398707807064056e-03
1.473925076425075531e-03
1.792036229744553566e-03
1.658465131185948849e-03
1.726222224533557892e-03
1.731956261210143566e-03
1.317142508924007416e-03
1.772084273397922516e-03
1.719545572996139526e-03
1.675987965427339077e-03
2.003301633521914482e-03
1.709736417979001999e-03
1.564132515341043472e-03
1.621159608475863934e-03
1.486631575971841812e-03
1.913027139380574226e-03
1.758348895236849785e-03
1.584996818564832211e-03
1.772701740264892578e-03
1.782107166945934296e-03
1.761660794727504253e-03
1.703225891105830669e-03
1.638520276173949242e-03
1.779484329745173454e-03
1.512882416136562824e-03
1.648766454309225082e-03
1.354580745100975037e-03
1.301964395679533482e-03
1.415694598108530045e-03
1.832426874898374081e-03
1.667605480179190636e-03
2.006895374506711960e-03
1.518244389444589615e-03
1.540632918477058411e-03
1.861230237409472466e-03
1.858574105426669121e-03
1.962655689567327499e-03
1.505712512880563736e-03
1.470054616220295429e-03
1.695056562311947346e-03
1.860594958998262882e-03
1.685371622443199158e-03
1.638976857066154480e-03
1.747753005474805832e-03
1.331420731730759144e-03
1.704308437183499336e-03
1.796912634745240211e-03
2.151274587959051132e-03
1.737948274239897728e-03
1.913676969707012177e-03
1.581481541506946087e-03
1.355231972411274910e-03
2.097288146615028381e-03
1.918832072988152504e-03
1.950565725564956665e-03
1.706145703792572021e-03
1.484306412748992443e-03
1.567650586366653442e-03
1.533113187178969383e-03
1.711467048153281212e-03
1.287928083911538124e-03
1.449140836484730244e-03
1.654114341363310814e-03
1.744338078424334526e-03
1.543845981359481812e-03
1.791107002645730972e-03
1.457231701351702213e-03
1.473845215514302254e-03
1.644166419282555580e-03
1.703538466244935989e-03
1.910179969854652882e-03
1.816283212974667549e-03
1.685931114479899406e-03
1.426368020474910736e-03
1.883885357528924942e-03
1.504471758380532265e-03
1.890433020889759064e-03
1.809368724934756756e-03
1.866833772510290146e-03
1.393052283674478531e-03
2.073260257020592690e-03
1.801949809305369854e-03
1.386309508234262466e-03
1.421213150024414062e-03
1.748573617078363895e-03
1.913402811624109745e-03
1.488785841502249241e-03
1.760058570653200150e-03
1.388167031109333038e-03
1.719001797027885914e-03
1.747057773172855377e-03
1.733666053041815758e-03
1.430553849786520004e-03
1.863336190581321716e-03
1.741236192174255848e-03
1.866826321929693222e-03
1.534241484478116035e-03
1.349713886156678200e-03
1.690114615485072136e-03
2.008264651522040367e-03
1.811415073461830616e-03
1.637191860936582088e-03
1.439495477825403214e-03
1.574443536810576916e-03
1.554945949465036392e-03
1.508461660705506802e-03
1.682368572801351547e-03
1.781721715815365314e-03
1.647835248149931431e-03
1.828636159189045429e-03
1.610863720998167992e-03
1.700467313639819622e-03
1.921843504533171654e-03
1.689318567514419556e-03
1.753039425238966942e-03
1.717014354653656483e-03
1.584670506417751312e-03
1.394720631651580334e-03
1.889451756142079830e-03
1.961440080776810646e-03
1.351394923403859138e-03
1.854786300100386143e-03
1.516027376055717468e-03
1.325003337115049362e-03
1.453389180824160576e-03
1.556924777105450630e-03
1.541496836580336094e-03
1.750121475197374821e-03
1.493159332312643528e-03
1.502772909589111805e-03
1.810057321563363075e-03
1.347217359580099583e-03
1.630002749152481556e-03
1.875367132015526295e-03
1.525471452623605728e-03
1.814059331081807613e-03
1.819014083594083786e-03
1.522947568446397781e-03
1.448712777346372604e-03
1.652522245422005653e-03
1.751490868628025055e-03
1.839180826209485531e-03
1.460038358345627785e-03
1.746205729432404041e-03
1.640846719965338707e-03
1.435437821783125401e-03
1.605745754204690456e-03
1.690864912234246731e-03
1.686002011410892010e-03
2.039076061919331551e-03
1.627393299713730812e-03
1.676974119618535042e-03
1.586117665283381939e-03
1.500057871453464031e-03
1.815129187889397144e-03
1.610331586562097073e-03
2.085495041683316231e-03
1.728867529891431332e-03
1.842608908191323280e-03
1.706035691313445568e-03
1.721086562611162663e-03
1.855654059909284115e-03
1.454987796023488045e-03
1.595220644958317280e-03
1.762454165145754814e-03
1.523999613709747791e-03
1.426262315362691879e-03
1.641112961806356907e-03
1.500609214417636395e-03
1.694992184638977051e-03
1.568336621858179569e-03
1.476240577176213264e-03
1.672930433414876461e-03
1.651899656280875206e-03
1.861494267359375954e-03
1.796405878849327564e-03
1.925567863509058952e-03
1.491241739131510258e-03
1.747990027070045471e-03
1.851573935709893703e-03
1.558225485496222973e-03
1.799605903215706348e-03
1.540322788059711456e-03
1.826155581511557102e-03
1.964934635907411575e-03
1.788869732990860939e-03
1.684188842773437500e-03
1.756042358465492725e-03
1.706757466308772564e-03
1.677572145126760006e-03
1.614213688299059868e-03
1.819497789256274700e-03
1.811417052522301674e-03
1.771815004758536816e-03
1.562007120810449123e-03
1.660323585383594036e-03
1.734123681671917439e-03
1.647374010644853115e-03
2.026098547503352165e-03
1.691526849754154682e-03
1.835661008954048157e-03
1.746475114487111568e-03
1.845538034103810787e-03
1.710897893644869328e-03
1.493179472163319588e-03
1.607866142876446247e-03
1.790564623661339283e-03
1.793103991076350212e-03
1.627812627702951431e-03
1.873935805633664131e-03
1.729871146380901337e-03
1.720562693662941456e-03
1.598050817847251892e-03
1.734349061734974384e-03
1.563086174428462982e-03
1.607897807843983173e-03
1.883334713056683540e-03
1.711811870336532593e-03
1.798543962650001049e-03
1.657873392105102539e-03
1.941290916875004768e-03
1.810960122384130955e-03
1.775172422640025616e-03
1.748351030983030796e-03
1.760596758686006069e-03
2.013396238908171654e-03
1.717893523164093494e-03
1.687533687800168991e-03
1.606362289749085903e-03
1.388376578688621521e-03
1.376318628899753094e-03
1.693591824732720852e-03
1.575680798850953579e-03
1.696015824563801289e-03
1.632368774153292179e-03
1.605969504453241825e-03
1.711932360194623470e-03
1.547046471387147903e-03
1.769845956005156040e-03
1.613534521311521530e-03
1.945476396940648556e-03
1.899270457215607166e-03
1.617229543626308441e-03
1.861628144979476929e-03
1.714353798888623714e-03
1.675266888923943043e-03
1.529174391180276871e-03
1.777866040356457233e-03
1.817355630919337273e-03
1.762489671818912029e-03
1.780085032805800438e-03
1.741349464282393456e-03
1.641764654777944088e-03
1.285670208744704723e-03
1.874129287898540497e-03
1.977301668375730515e-03
1.612233580090105534e-03
1.528028165921568871e-03
1.419632695615291595e-03
1.417209277860820293e-03
1.723298570141196251e-03
1.662790775299072266e-03
1.468799542635679245e-03
1.768072834238409996e-03
