1.642221934162080288e-03
1.675827545113861561e-03
1.661297748796641827e-03
1.715843449346721172e-03
1.681140158325433731e-03
1.596393412910401821e-03
1.650485792197287083e-03
1.714129815809428692e-03
1.692790654487907887e-03
1.726205227896571159e-03
1.644864096306264400e-03
1.701938919723033905e-03
1.670216908678412437e-03
1.683255075477063656e-03
1.702029956504702568e-03
1.694214181043207645e-03
1.698886626400053501e-03
1.588591374456882477e-03
1.665742602199316025e-03
1.689018099568784237e-03
1.738602644763886929e-03
1.666089985519647598e-03
1.670605735853314400e-03
1.658686320297420025e-03
1.643321942538022995e-03
1.681282534264028072e-03
1.671403297223150730e-03
1.569141983054578304e-03
1.656782696954905987e-03
1.632609637454152107e-03
1.660519395954906940e-03
1.689386554062366486e-03
1.689075492322444916e-03
1.657166983932256699e-03
1.678774831816554070e-03
1.672244165092706680e-03
1.678617903962731361e-03
1.727256109006702900e-03
1.671664300374686718e-03
1.695315120741724968e-03
1.651395810768008232e-03
1.731667784042656422e-03
1.632915809750556946e-03
1.636962522752583027e-03
1.658441149629652500e-03
1.676348503679037094e-03
1.631973427720367908e-03
1.634155050851404667e-03
1.668517361395061016e-03
1.714771380648016930e-03
1.633135834708809853e-03
1.647290075197815895e-03
1.612369553185999393e-03
1.667793607339262962e-03
1.720551634207367897e-03
1.697900705039501190e-03
1.601272495463490486e-03
1.609576982446014881e-03
1.628538477234542370e-03
1.713535282760858536e-03
1.695197774097323418e-03
1.625766046345233917e-03
1.669066958129405975e-03
1.690992037765681744e-03
1.680977409705519676e-03
1.701561617664992809e-03
1.691790064796805382e-03
1.656938227824866772e-03
1.651921193115413189e-03
1.639649271965026855e-03
1.710917684249579906e-03
1.651372062042355537e-03
1.658126013353466988e-03
1.608126796782016754e-03
1.674424740485846996e-03
1.656093169003725052e-03
1.634795218706130981e-03
1.692048856057226658e-03
1.700191060081124306e-03
1.670390367507934570e-03
1.644438365474343300e-03
1.678613014519214630e-03
1.651747035793960094e-03
1.710939570330083370e-03
1.692608580924570560e-03
1.685958937741816044e-03
1.689161406829953194e-03
1.655399217270314693e-03
1.667195581831037998e-03
1.640599453821778297e-03
1.745092216879129410e-03
1.671813428401947021e-03
1.692144549451768398e-03
1.625449978746473789e-03
1.696489634923636913e-03
1.705140573903918266e-03
1.674080849625170231e-03
1.628309371881186962e-03
1.652666018344461918e-03
1.682622707448899746e-03
1.655643340200185776e-03
1.675996463745832443e-03
1.698482315987348557e-03
1.654573250561952591e-03
1.600706600584089756e-03
1.711822464130818844e-03
1.671626698225736618e-03
1.723163062706589699e-03
1.672895974479615688e-03
1.626878860406577587e-03
1.674350001849234104e-03
1.668872777372598648e-03
1.645550830289721489e-03
1.653579645790159702e-03
1.669476856477558613e-03
1.612129271961748600e-03
1.651639118790626526e-03
1.700746710412204266e-03
1.626927522011101246e-03
1.624865224584937096e-03
1.649920013733208179e-03
1.684544375166296959e-03
1.667262171395123005e-03
1.657502376474440098e-03
1.675241044722497463e-03
1.698323176242411137e-03
1.676502753980457783e-03
1.672653015702962875e-03
1.714920275844633579e-03
1.700191991403698921e-03
1.697254134342074394e-03
1.684094662778079510e-03
1.661096350289881229e-03
1.722632325254380703e-03
1.709525124169886112e-03
1.697174855507910252e-03
1.685271388851106167e-03
1.672341371886432171e-03
1.640811329707503319e-03
1.663670758716762066e-03
1.608296530321240425e-03
1.648394856601953506e-03
1.660030102357268333e-03
1.626154873520135880e-03
1.663579489104449749e-03
1.698359264992177486e-03
1.708395662717521191e-03
1.693992293439805508e-03
1.678404747508466244e-03
1.664132811129093170e-03
1.709834556095302105e-03
1.637441106140613556e-03
1.711636548861861229e-03
1.622548326849937439e-03
1.617955276742577553e-03
1.690251519903540611e-03
1.705358852632343769e-03
1.620855065993964672e-03
1.644120318815112114e-03
1.739670988172292709e-03
1.686279894784092903e-03
1.653895480558276176e-03
1.660135691054165363e-03
1.648787409067153931e-03
1.675632549449801445e-03
1.676352112554013729e-03
1.654851017519831657e-03
1.680997665971517563e-03
1.692598103545606136e-03
1.615629182197153568e-03
1.673753489740192890e-03
1.681922702118754387e-03
1.595318550243973732e-03
1.681296038441359997e-03
1.726154587231576443e-03
1.692686695605516434e-03
1.683330396190285683e-03
1.727749709971249104e-03
1.642922754399478436e-03
1.663601608015596867e-03
1.698086038231849670e-03
1.669734483584761620e-03
1.639930531382560730e-03
1.686197007074952126e-03
1.689096912741661072e-03
1.683771261014044285e-03
1.659477478824555874e-03
1.655570114962756634e-03
1.642585149966180325e-03
1.663767732679843903e-03
1.615889719687402248e-03
1.675325445830821991e-03
1.628269557841122150e-03
1.646325225010514259e-03
1.690809614956378937e-03
1.687916461378335953e-03
1.661794376559555531e-03
1.634171348996460438e-03
1.634579384699463844e-03
1.704543596133589745e-03
1.661057351157069206e-03
1.671453821472823620e-03
1.684895833022892475e-03
1.690063858404755592e-03
1.687006908468902111e-03
1.680915593169629574e-03
1.686971052549779415e-03
1.693825004622340202e-03
1.649633748456835747e-03
1.695720362477004528e-03
1.675036619417369366e-03
1.689591910690069199e-03
1.694522798061370850e-03
1.657167100347578526e-03
1.728386152535676956e-03
1.662291819229722023e-03
1.700096065178513527e-03
1.641418901272118092e-03
1.632068539038300514e-03
1.677658990956842899e-03
1.608918653801083565e-03
1.597586902789771557e-03
1.685946597717702389e-03
1.631353399716317654e-03
1.713329460471868515e-03
1.673277001827955246e-03
1.626452198252081871e-03
1.647674595005810261e-03
1.700111082755029202e-03
1.613083644770085812e-03
1.602953881956636906e-03
1.680876244790852070e-03
1.671181875281035900e-03
1.656004460528492928e-03
1.656256499700248241e-03
1.641124603338539600e-03
1.636438304558396339e-03
1.594006549566984177e-03
1.642270479351282120e-03
1.673144171945750713e-03
1.727184513583779335e-03
1.676844316534698009e-03
1.689138705842196941e-03
1.614771084859967232e-03
1.614260021597146988e-03
1.678240485489368439e-03
1.678444212302565575e-03
1.659279339946806431e-03
1.655553467571735382e-03
1.635396154597401619e-03
1.724662608467042446e-03
1.638926449231803417e-03
1.687481417320668697e-03
1.650893944315612316e-03
1.691565732471644878e-03
1.685615046881139278e-03
1.659775618463754654e-03
1.702525536529719830e-03
1.633320818655192852e-03
1.658831606619060040e-03
1.642009126953780651e-03
1.723323599435389042e-03
1.687618438154459000e-03
1.641693990677595139e-03
1.665164367295801640e-03
1.689204713329672813e-03
1.742562395520508289e-03
1.698970678262412548e-03
1.692997990176081657e-03
1.719967578537762165e-03
1.680005225352942944e-03
1.628571539185941219e-03
1.731605152599513531e-03
1.702575827948749065e-03
1.631785649806261063e-03
1.683157286606729031e-03
1.604428747668862343e-03
1.697960076853632927e-03
1.639560679905116558e-03
1.700766733847558498e-03
1.657509128563106060e-03
1.646918943151831627e-03
1.674978877417743206e-03
1.692094840109348297e-03
1.600767602212727070e-03
1.686679432168602943e-03
1.688273390755057335e-03
1.643028692342340946e-03
1.643898431211709976e-03
1.636515487916767597e-03
1.594428089447319508e-03
1.629676902666687965e-03
1.695232465863227844e-03
1.634061685763299465e-03
1.669789664447307587e-03
1.666413852944970131e-03
1.644349424168467522e-03
1.649000216275453568e-03
1.669122953899204731e-03
1.650744932703673840e-03
1.692863530479371548e-03
1.729066949337720871e-03
1.677155378274619579e-03
1.646763877943158150e-03
1.639746362343430519e-03
1.661606249399483204e-03
1.642029732465744019e-03
1.725275185890495777e-03
1.670769299380481243e-03
1.646832446567714214e-03
1.688088988885283470e-03
1.660091918893158436e-03
1.642948831431567669e-03
1.673365244641900063e-03
1.706143026240170002e-03
1.664268900640308857e-03
1.687988289631903172e-03
1.700482098385691643e-03
1.653810031712055206e-03
1.646331278607249260e-03
1.669399323873221874e-03
1.686276518739759922e-03
1.640205155126750469e-03
1.697337371297180653e-03
1.716293161734938622e-03
1.666657859459519386e-03
1.667359611019492149e-03
1.684282557107508183e-03
1.646478776820003986e-03
1.638700021430850029e-03
1.682789297774434090e-03
1.699664746411144733e-03
1.679155742749571800e-03
1.668490469455718994e-03
1.691637327894568443e-03
1.652573584578931332e-03
1.601791242137551308e-03
1.647121971473097801e-03
1.623696763999760151e-03
1.731288619339466095e-03
1.669080345891416073e-03
1.629510778002440929e-03
1.669919700361788273e-03
1.659873640164732933e-03
1.680269255302846432e-03
1.692873076535761356e-03
1.632958534173667431e-03
1.665973919443786144e-03
1.671404112130403519e-03
1.641238690353929996e-03
1.660078181885182858e-03
1.645433250814676285e-03
1.609755447134375572e-03
1.698608393780887127e-03
1.663617906160652637e-03
1.689748489297926426e-03
1.615645247511565685e-03
1.660860143601894379e-03
1.682503847405314445e-03
1.727013732306659222e-03
1.634318963624536991e-03
1.664856798015534878e-03
1.698726904578506947e-03
1.640146714635193348e-03
1.639829948544502258e-03
1.664343872107565403e-03
1.660329289734363556e-03
1.684148097410798073e-03
1.626465003937482834e-03
1.677572960034012794e-03
1.689857686869800091e-03
1.635509543120861053e-03
1.745567889884114265e-03
1.733824261464178562e-03
1.677468302659690380e-03
1.643685041926801205e-03
1.608492806553840637e-03
1.687101204879581928e-03
1.625119009986519814e-03
1.624587806873023510e-03
1.601673313416540623e-03
1.680895918980240822e-03
1.631607650779187679e-03
1.687843119725584984e-03
1.709431060589849949e-03
1.651663798838853836e-03
1.606414793059229851e-03
1.666051102802157402e-03
1.662297872826457024e-03
1.692718942649662495e-03
1.699857763014733791e-03
1.624704455025494099e-03
1.683615264482796192e-03
1.645880052819848061e-03
1.722761429846286774e-03
1.677346066571772099e-03
1.695094630122184753e-03
1.630460377782583237e-03
1.614621141925454140e-03
1.701107947155833244e-03
1.633097417652606964e-03
1.622416079044342041e-03
1.697561121545732021e-03
1.630836166441440582e-03
1.684478018432855606e-03
1.697679515928030014e-03
1.685104914940893650e-03
1.672110171057283878e-03
1.597354537807404995e-03
1.730117364786565304e-03
1.675938954576849937e-03
1.748239039443433285e-03
1.652644481509923935e-03
1.612516702152788639e-03
1.693833386525511742e-03
1.619274611584842205e-03
1.658068853430449963e-03
1.667919335886836052e-03
1.677860156632959843e-03
1.686044037342071533e-03
1.677352469414472580e-03
1.679382752627134323e-03
1.652395701967179775e-03
1.690699602477252483e-03
1.686922158114612103e-03
1.631876453757286072e-03
1.664568204432725906e-03
1.694787177257239819e-03
1.745233079418540001e-03
1.705356058664619923e-03
1.705046393908560276e-03
1.654272433370351791e-03
1.738578779622912407e-03
1.673008780926465988e-03
1.593805151060223579e-03
1.701582223176956177e-03
1.635760883800685406e-03
1.636072644032537937e-03
1.660106005147099495e-03
1.635710359551012516e-03
1.706268871203064919e-03
1.626792945899069309e-03
1.688907039351761341e-03
1.638282672502100468e-03
1.645636861212551594e-03
1.649006851948797703e-03
1.642908784560859203e-03
1.670031575486063957e-03
1.645974465645849705e-03
1.716304454021155834e-03
1.679776934906840324e-03
1.643707975745201111e-03
1.642787712626159191e-03
1.705374335870146751e-03
1.671217381954193115e-03
1.706858631223440170e-03
1.595753710716962814e-03
1.707531628198921680e-03
1.636357512325048447e-03
1.675383420661091805e-03
1.632974483072757721e-03
1.687148353084921837e-03
1.646393560804426670e-03
1.676931511610746384e-03
1.637758687138557434e-03
1.628478523343801498e-03
1.584412413649260998e-03
1.710407552309334278e-03
1.660821726545691490e-03
1.604917459189891815e-03
1.668199314735829830e-03
1.683308626525104046e-03
1.656733686104416847e-03
1.683071255683898926e-03
1.682906993664801121e-03
1.678277621977031231e-03
1.704785274341702461e-03
1.687970594502985477e-03
1.704932306893169880e-03
1.645519281737506390e-03
1.640823320485651493e-03
1.657891785725951195e-03
1.714536570943892002e-03
1.662177382968366146e-03
1.652666367590427399e-03
1.718723447993397713e-03
1.689474680460989475e-03
1.650112448260188103e-03
1.650522812269628048e-03
1.657403074204921722e-03
1.672858605161309242e-03
1.694541890174150467e-03
1.693204627372324467e-03
1.629666774533689022e-03
1.609716215170919895e-03
1.620472176000475883e-03
1.631525112316012383e-03
1.692087971605360508e-03
1.640364411287009716e-03
1.646808697842061520e-03
1.624019700102508068e-03
1.633320585824549198e-03
1.666226307861506939e-03
1.644425792619585991e-03
1.658932189457118511e-03
1.689971541054546833e-03
1.678754226304590702e-03
1.771073671989142895e-03
1.679312787018716335e-03
1.595564535818994045e-03
1.631319406442344189e-03
1.685980474576354027e-03
1.662666094489395618e-03
1.689096330665051937e-03
1.694408711045980453e-03
1.659856876358389854e-03
1.638295943848788738e-03
1.632197760045528412e-03
1.633692649193108082e-03
1.757148071192204952e-03
1.653517596423625946e-03
1.654113759286701679e-03
1.701655681245028973e-03
1.663704751990735531e-03
1.652942621149122715e-03
1.701717032119631767e-03
1.611352665349841118e-03
1.656906912103295326e-03
1.665255404077470303e-03
1.622722833417356014e-03
1.673287246376276016e-03
1.731761149130761623e-03
1.677868189290165901e-03
1.713856006972491741e-03
1.628020196221768856e-03
1.668559969402849674e-03
1.649937126785516739e-03
1.625311560928821564e-03
1.652362057939171791e-03
1.646043383516371250e-03
1.715324819087982178e-03
1.716069295071065426e-03
1.653899322263896465e-03
1.712063909508287907e-03
1.688352087512612343e-03
1.707498915493488312e-03
1.693806611001491547e-03
1.682170201092958450e-03
1.650959369726479053e-03
1.612269668839871883e-03
1.643472118303179741e-03
1.648866804316639900e-03
1.662695198319852352e-03
1.686529372818768024e-03
1.638050307519733906e-03
1.629639882594347000e-03
1.693256665021181107e-03
1.709567848592996597e-03
1.627815770916640759e-03
1.744671841152012348e-03
1.625525066629052162e-03
1.623164978809654713e-03
1.677676569670438766e-03
1.639741472899913788e-03
1.703850575722754002e-03
1.598471077159047127e-03
1.680898014456033707e-03
1.655130414292216301e-03
1.650613965466618538e-03
1.626738696359097958e-03
1.708326279185712337e-03
1.688992022536695004e-03
1.666616764850914478e-03
1.656649052165448666e-03
1.677047577686607838e-03
1.650579040870070457e-03
1.719169551506638527e-03
1.653402578085660934e-03
1.626509474590420723e-03
1.677432679571211338e-03
1.703456975519657135e-03
1.689745928160846233e-03
1.643940806388854980e-03
1.631232444196939468e-03
1.624907716177403927e-03
1.613249187357723713e-03
1.662879134528338909e-03
1.636171480640769005e-03
1.668645301833748817e-03
1.704583410173654556e-03
1.660383772104978561e-03
1.647936645895242691e-03
1.615208690054714680e-03
1.636033062823116779e-03
1.612712047062814236e-03
1.638134242966771126e-03
1.670850673690438271e-03
1.660293200984597206e-03
1.693686121143400669e-03
1.674587023444473743e-03
