5.429343786090612411e-03
6.323247682303190231e-03
6.025949493050575256e-03
7.468858733773231506e-03
5.970004014670848846e-03
6.750382948666810989e-03
7.000158075243234634e-03
5.536535289138555527e-03
7.020179182291030884e-03
6.186783779412508011e-03
6.975135300308465958e-03
5.582823418080806732e-03
6.555859930813312531e-03
5.621590651571750641e-03
5.560536403208971024e-03
6.484381854534149170e-03
7.103940006345510483e-03
4.751021508127450943e-03
6.869585718959569931e-03
6.191844120621681213e-03
6.918615195900201797e-03
6.277654320001602173e-03
7.281192112714052200e-03
6.571877747774124146e-03
6.607113871723413467e-03
7.301162928342819214e-03
8.197435177862644196e-03
7.764801383018493652e-03
4.685532767325639725e-03
6.659711711108684540e-03
7.288077380508184433e-03
6.144716404378414154e-03
7.014437578618526459e-03
7.001394871622323990e-03
6.826515775173902512e-03
6.700580008327960968e-03
7.073971908539533615e-03
6.950435694307088852e-03
5.578687880188226700e-03
8.425608277320861816e-03
5.801430903375148773e-03
6.061672698706388474e-03
7.345334161072969437e-03
5.948629230260848999e-03
6.901917513459920883e-03
6.224114913493394852e-03
6.312887649983167648e-03
6.138648372143507004e-03
7.358036935329437256e-03
6.267481949180364609e-03
6.014266517013311386e-03
7.430942729115486145e-03
6.918029394000768661e-03
5.441376008093357086e-03
6.268927361816167831e-03
7.178870961070060730e-03
6.972036790102720261e-03
7.434547878801822662e-03
5.794313270598649979e-03
5.496606230735778809e-03
6.795546039938926697e-03
6.517756730318069458e-03
7.607575505971908569e-03
6.882409099489450455e-03
7.743320893496274948e-03
7.083349861204624176e-03
6.613743491470813751e-03
8.062051609158515930e-03
7.160139270126819611e-03
7.924855686724185944e-03
7.158733438700437546e-03
7.238876074552536011e-03
6.362252868711948395e-03
6.549286656081676483e-03
5.662580952048301697e-03
7.118959445506334305e-03
6.643638946115970612e-03
6.402118597179651260e-03
5.893449764698743820e-03
5.690554622560739517e-03
5.652452353388071060e-03
7.541552186012268066e-03
6.498971953988075256e-03
7.163967471569776535e-03
6.424176506698131561e-03
6.937999743968248367e-03
7.831403054296970367e-03
6.893208250403404236e-03
5.801462102681398392e-03
6.918791215866804123e-03
6.317792925983667374e-03
6.185096688568592072e-03
7.439285051077604294e-03
5.590545013546943665e-03
8.036853745579719543e-03
5.294032860547304153e-03
6.013302132487297058e-03
6.459331605583429337e-03
7.626779843121767044e-03
7.212312426418066025e-03
7.441116031259298325e-03
6.579541135579347610e-03
6.223284639418125153e-03
6.537694949656724930e-03
6.472400855273008347e-03
6.283747032284736633e-03
6.338826380670070648e-03
7.406526710838079453e-03
5.682145245373249054e-03
6.096513941884040833e-03
7.762879598885774612e-03
8.161705918610095978e-03
6.698755081743001938e-03
7.620980963110923767e-03
5.477906204760074615e-03
6.298688706010580063e-03
7.181179709732532501e-03
6.601707544177770615e-03
6.381182931363582611e-03
7.099801674485206604e-03
5.949146579951047897e-03
6.112309172749519348e-03
6.850109435617923737e-03
7.748613134026527405e-03
6.483834236860275269e-03
6.269141100347042084e-03
6.177256815135478973e-03
6.676117889583110809e-03
6.189200095832347870e-03
6.026769988238811493e-03
7.385658100247383118e-03
7.787730079144239426e-03
6.916949991136789322e-03
6.576262414455413818e-03
6.697221659123897552e-03
8.904176764190196991e-03
6.936844903975725174e-03
6.605123635381460190e-03
6.722643971443176270e-03
6.316881626844406128e-03
6.467473693192005157e-03
5.751781165599822998e-03
6.295794155448675156e-03
6.228087469935417175e-03
5.332447588443756104e-03
6.902831140905618668e-03
6.142387632280588150e-03
7.600340060889720917e-03
7.967626675963401794e-03
6.103118415921926498e-03
