7.013340014964342117e-03
7.011855952441692352e-03
6.693982519209384918e-03
6.888703443109989166e-03
7.328091189265251160e-03
6.777110043913125992e-03
6.605982314795255661e-03
6.898025050759315491e-03
6.996597629040479660e-03
6.298191845417022705e-03
6.589165423065423965e-03
6.947212852537631989e-03
6.128985434770584106e-03
6.947343703359365463e-03
6.754797883331775665e-03
6.513609550893306732e-03
5.865717306733131409e-03
6.740304175764322281e-03
6.553825456649065018e-03
6.310228258371353149e-03
6.966760847717523575e-03
6.677501369267702103e-03
6.729098502546548843e-03
6.812662351876497269e-03
6.894184276461601257e-03
6.554996129125356674e-03
6.853568833321332932e-03
6.439446005970239639e-03
6.498822011053562164e-03
6.680668331682682037e-03
6.584489718079566956e-03
6.780784111469984055e-03
6.548017729073762894e-03
6.770594976842403412e-03
6.685271393507719040e-03
7.249713875353336334e-03
6.772215943783521652e-03
6.521220318973064423e-03
6.810063496232032776e-03
7.051810622215270996e-03
6.483359262347221375e-03
6.705877836793661118e-03
6.711349822580814362e-03
6.728624459356069565e-03
6.608016323298215866e-03
6.509104743599891663e-03
6.577588617801666260e-03
6.621886044740676880e-03
6.971213500946760178e-03
6.847390905022621155e-03
6.835934240370988846e-03
6.513138767331838608e-03
6.878342013806104660e-03
6.559756118804216385e-03
6.329406052827835083e-03
6.861025467514991760e-03
6.727512925863265991e-03
7.182994857430458069e-03
6.814219988882541656e-03
6.701747886836528778e-03
6.982358638197183609e-03
6.917221471667289734e-03
6.377073004841804504e-03
6.622060202062129974e-03
6.947385147213935852e-03
6.620987318456172943e-03
6.633404176682233810e-03
6.650076247751712799e-03
6.539458874613046646e-03
6.586003582924604416e-03
6.873087026178836823e-03
6.562318652868270874e-03
6.959276273846626282e-03
6.564576644450426102e-03
6.541340146213769913e-03
6.219597533345222473e-03
6.099858321249485016e-03
6.654633209109306335e-03
6.817487068474292755e-03
6.805488839745521545e-03
6.658633239567279816e-03
6.923585198819637299e-03
6.845124531537294388e-03
6.790371146053075790e-03
7.041667122393846512e-03
6.497517228126525879e-03
7.076803129166364670e-03
6.766849197447299957e-03
6.651731207966804504e-03
6.318255793303251266e-03
6.943894084542989731e-03
6.466236431151628494e-03
6.548420526087284088e-03
6.682545877993106842e-03
6.681150756776332855e-03
6.923101842403411865e-03
6.406891625374555588e-03
6.762653589248657227e-03
6.226907018572092056e-03
6.382164545357227325e-03
6.438005715608596802e-03
6.364644970744848251e-03
6.706463638693094254e-03
6.392051465809345245e-03
6.542488001286983490e-03
6.781122181564569473e-03
6.818476598709821701e-03
6.402106489986181259e-03
6.409930996596813202e-03
6.901458371430635452e-03
6.466535385698080063e-03
6.623794324696063995e-03
6.620763801038265228e-03
6.437211763113737106e-03
6.811165716499090195e-03
6.077598314732313156e-03
6.748824845999479294e-03
6.245889700949192047e-03
6.322771776467561722e-03
6.491219159215688705e-03
6.345298606902360916e-03
6.540969945490360260e-03
6.432874593883752823e-03
6.792909000068902969e-03
6.587428506463766098e-03
6.816058419644832611e-03
6.728541105985641479e-03
6.709149107336997986e-03
6.644384469836950302e-03
7.256412412971258163e-03
6.500846706330776215e-03
6.712115369737148285e-03
6.233207881450653076e-03
6.777889095246791840e-03
7.014633156359195709e-03
6.750327069312334061e-03
6.990655325353145599e-03
6.911130156368017197e-03
6.391470786184072495e-03
6.748979911208152771e-03
6.855374202132225037e-03
6.637423764914274216e-03
6.598506588488817215e-03
6.578944157809019089e-03
6.486901082098484039e-03
6.856209132820367813e-03
6.590365897864103317e-03
6.261017173528671265e-03
6.301918067038059235e-03
6.863920018076896667e-03
