9.184119990095496178e-04
1.090260106138885021e-03
1.139510655775666237e-03
9.419583366252481937e-04
9.683192474767565727e-04
9.377431124448776245e-04
9.199445485137403011e-04
1.216284930706024170e-03
1.060037058778107166e-03
8.820219663903117180e-04
1.027496065944433212e-03
1.007685787044465542e-03
1.074371160939335823e-03
8.491650805808603764e-04
8.542699506506323814e-04
8.302257629111409187e-04
9.803881403058767319e-04
1.046027289703488350e-03
1.121978857554495335e-03
8.727955282665789127e-04
9.171596029773354530e-04
9.818155085667967796e-04
1.049898331984877586e-03
1.036270987242460251e-03
1.027409336529672146e-03
1.108047435991466045e-03
9.938568109646439552e-04
1.071238308213651180e-03
8.600732544437050819e-04
9.297681390307843685e-04
8.305030060000717640e-04
1.092786435037851334e-03
1.168357790447771549e-03
9.650637512095272541e-04
1.030965708196163177e-03
8.482075645588338375e-04
1.047692960128188133e-03
8.330718846991658211e-04
8.596131228841841221e-04
9.183147922158241272e-04
1.022960990667343140e-03
8.609673241153359413e-04
8.964542066678404808e-04
8.900284883566200733e-04
9.591376874595880508e-04
8.668753434903919697e-04
1.190188573673367500e-03
1.010868232697248459e-03
1.037186477333307266e-03
1.011870568618178368e-03
9.042607271112501621e-04
1.047840225510299206e-03
1.250244560651481152e-03
1.124095288105309010e-03
1.089344266802072525e-03
9.208674309775233269e-04
8.721449412405490875e-04
9.908447973430156708e-04
1.107722520828247070e-03
8.682850166223943233e-04
9.123572963289916515e-04
8.022485417313873768e-04
1.140749547630548477e-03
1.029515988193452358e-03
9.079572046175599098e-04
1.104849041439592838e-03
1.006529317237436771e-03
9.665691759437322617e-04
1.032675965689122677e-03
1.131722354330122471e-03
9.089064551517367363e-04
8.868956356309354305e-04
1.080834656022489071e-03
7.232347852550446987e-04
1.100186724215745926e-03
1.062354887835681438e-03
1.024559373036026955e-03
1.046506222337484360e-03
1.161072053946554661e-03
9.774137288331985474e-04
1.021650386974215508e-03
9.546935325488448143e-04
1.085819560103118420e-03
1.108655589632689953e-03
8.242671610787510872e-04
8.922041743062436581e-04
9.844804881140589714e-04
1.144175301305949688e-03
1.003453624434769154e-03
9.110647370107471943e-04
9.784989524632692337e-04
1.055076369084417820e-03
9.391967323608696461e-04
1.056974055245518684e-03
1.008422928862273693e-03
9.008896886371076107e-04
1.116305007599294186e-03
8.866430143825709820e-04
7.741572917439043522e-04
9.685723925940692425e-04
1.057747402228415012e-03
9.746743016876280308e-04
8.985655731521546841e-04
9.739591623656451702e-04
9.279391379095613956e-04
8.219495066441595554e-04
9.723147959448397160e-04
9.683781536296010017e-04
1.083916053175926208e-03
1.043144380673766136e-03
1.108301454223692417e-03
8.375282050110399723e-04
1.093718106858432293e-03
9.621751378290355206e-04
1.042438787408173084e-03
9.475879487581551075e-04
1.105955219827592373e-03
9.989296086132526398e-04
1.095009269192814827e-03
8.025053539313375950e-04
9.353848872706294060e-04
9.627636172808706760e-04
1.036495901644229889e-03
7.926764665171504021e-04
1.066586817614734173e-03
9.750559111125767231e-04
9.210937423631548882e-04
1.183451968245208263e-03
1.112404977902770042e-03
8.993058581836521626e-04
9.846256580203771591e-04
9.451608639210462570e-04
9.783389978110790253e-04
9.750262252055108547e-04
1.066296827048063278e-03
1.044086995534598827e-03
1.202247338369488716e-03
9.700442897155880928e-04
1.118724700063467026e-03
1.039709197357296944e-03
1.070548663847148418e-03
9.771160548552870750e-04
1.150936353951692581e-03
9.804861620068550110e-04
1.182661158964037895e-03
7.765003247186541557e-04
9.435559040866792202e-04
9.668347192928195000e-04
1.108473981730639935e-03
8.854919578880071640e-04
7.896575261838734150e-04
8.825131808407604694e-04
9.297709329985082150e-04
1.141691696830093861e-03
9.791696211323142052e-04
1.150903175584971905e-03
9.022454614751040936e-04
8.820537477731704712e-04
1.075427164323627949e-03
9.423661977052688599e-04
9.582639322616159916e-04
1.010181847959756851e-03
9.717915090732276440e-04
8.452936890535056591e-04
9.487497154623270035e-04
1.010618289001286030e-03
1.027176738716661930e-03
8.141393191181123257e-04
9.868013439700007439e-04
9.623792138881981373e-04
1.070668688043951988e-03
1.044427277520298958e-03
1.152042066678404808e-03
9.482500026933848858e-04
9.632193832658231258e-04
9.916514391079545021e-04
1.128422212786972523e-03
1.093793311156332493e-03
8.284758660010993481e-04
9.819997940212488174e-04
1.089501078240573406e-03
8.738347678445279598e-04
1.008692546747624874e-03
1.052229898050427437e-03
1.064326963387429714e-03
1.003530109301209450e-03
9.728434961289167404e-04
9.927304927259683609e-04
8.962388965301215649e-04
1.115363673307001591e-03
8.891495526768267155e-04
9.496016427874565125e-04
1.133586629293859005e-03
7.816762081347405910e-04
1.097612432204186916e-03
9.745627758093178272e-04
9.650498395785689354e-04
8.980165002867579460e-04
1.033088425174355507e-03
9.110184037126600742e-04
7.758985157124698162e-04
1.004689023829996586e-03
9.955251589417457581e-04
7.619619136676192284e-04
9.134018910117447376e-04
1.109627308323979378e-03
1.032768399454653263e-03
1.098340610042214394e-03
9.029632201418280602e-04
9.236130863428115845e-04
9.797776583582162857e-04
8.769353153184056282e-04
1.042966730892658234e-03
1.146232010796666145e-03
1.163131208159029484e-03
1.037417561747133732e-03
9.893702808767557144e-04
1.057979301549494267e-03
9.416162502020597458e-04
1.168494694866240025e-03
1.132955658249557018e-03
1.144672743976116180e-03
9.937549475580453873e-04
9.624677477404475212e-04
8.367360569536685944e-04
9.006200707517564297e-04
9.046673658303916454e-04
8.224908960983157158e-04
8.902695262804627419e-04
9.649543790146708488e-04
8.479728712700307369e-04
1.045761164277791977e-03
9.783481946215033531e-04
1.020612893626093864e-03
8.521098061464726925e-04
9.992269333451986313e-04
1.164538785815238953e-03
9.961815085262060165e-04
9.156155283562839031e-04
1.024217344820499420e-03
1.019224175252020359e-03
9.334643837064504623e-04
1.074115745723247528e-03
9.199986816383898258e-04
9.804107248783111572e-04
8.288710960187017918e-04
8.648517541587352753e-04
1.007812563329935074e-03
9.746783762238919735e-04
9.948653168976306915e-04
1.047094818204641342e-03
9.688811842352151871e-04
9.743123082444071770e-04
9.940013987943530083e-04
1.010995707474648952e-03
9.920459706336259842e-04
9.081090101972222328e-04
1.080613001249730587e-03
9.357562521472573280e-04
9.552029077894985676e-04
1.172140473499894142e-03
1.128057367168366909e-03
9.374495130032300949e-04
1.157482853159308434e-03
8.160228608176112175e-04
1.062715193256735802e-03
9.525150526314973831e-04
1.050700084306299686e-03
1.031922176480293274e-03
1.160788233391940594e-03
1.073201419785618782e-03
9.087043581530451775e-04
8.777229231782257557e-04
1.031022169627249241e-03
8.836186025291681290e-04
8.879278320819139481e-04
8.248013327829539776e-04
9.727238211780786514e-04
9.157073218375444412e-04
9.018352138809859753e-04
9.945967467501759529e-04
1.266442122869193554e-03
9.959060698747634888e-04
1.099778455682098866e-03
9.761767578311264515e-04
1.261763274669647217e-03
1.042701769620180130e-03
9.846510365605354309e-04
1.003930694423615932e-03
9.399893460795283318e-04
1.094818115234375000e-03
9.421239374205470085e-04
1.021044095978140831e-03
1.015874207951128483e-03
8.899724343791604042e-04
9.913622634485363960e-04
9.966908255591988564e-04
1.030799467116594315e-03
1.136800972744822502e-03
8.763711084611713886e-04
9.776282822713255882e-04
9.165093069896101952e-04
9.742751717567443848e-04
9.420872083865106106e-04
9.985987562686204910e-04
9.315707138739526272e-04
8.807079866528511047e-04
1.137229497544467449e-03
1.080034649930894375e-03
8.916233200579881668e-04
8.507886668667197227e-04
8.902990957722067833e-04
1.010209205560386181e-03
1.038331538438796997e-03
9.878806304186582565e-04
9.153347346000373363e-04
9.557068115100264549e-04
9.647582191973924637e-04
1.102518872357904911e-03
9.458848508074879646e-04
1.084442366845905781e-03
1.060633221641182899e-03
9.771494660526514053e-04
9.604177321307361126e-04
1.021886942908167839e-03
1.021023024804890156e-03
1.041071955114603043e-03
8.922124397940933704e-04
1.050235936418175697e-03
9.428152116015553474e-04
1.147631322965025902e-03
1.069554244168102741e-03
9.087884682230651379e-04
1.082242350094020367e-03
1.030950690619647503e-03
8.908355957828462124e-04
1.105625997297465801e-03
8.816332556307315826e-04
1.071912469342350960e-03
9.920165175572037697e-04
1.032545580528676510e-03
1.035975525155663490e-03
7.878532051108777523e-04
1.059978152625262737e-03
1.028551952913403511e-03
1.002497854642570019e-03
1.198281650431454182e-03
1.022684620693325996e-03
9.355911170132458210e-04
9.697020868770778179e-04
8.892336627468466759e-04
1.144283567555248737e-03
1.051762257702648640e-03
9.480711887590587139e-04
1.060347538441419601e-03
1.065973425284028053e-03
1.053743297234177589e-03
1.018790295347571373e-03
9.800865082070231438e-04
1.064404495991766453e-03
9.049357031472027302e-04
9.862151928246021271e-04
8.102470310404896736e-04
7.787743816152215004e-04
8.468024898320436478e-04
1.096072257496416569e-03
9.974838467314839363e-04
1.200431142933666706e-03
9.081430034711956978e-04
9.215347818098962307e-04
1.113301143050193787e-03
1.111712423153221607e-03
1.173969125375151634e-03
9.006470208987593651e-04
8.793181623332202435e-04
1.013903762213885784e-03
1.112921163439750671e-03
1.008110702969133854e-03
9.803595021367073059e-04
1.045424374751746655e-03
7.963938405737280846e-04
1.019437913782894611e-03
1.074829371646046638e-03
1.286792219616472721e-03
1.039559603668749332e-03
1.144672278314828873e-03
9.459685534238815308e-04
8.106365567073225975e-04
1.254500006325542927e-03
1.147755887359380722e-03
1.166737521998584270e-03
1.020536758005619049e-03
8.878429071046411991e-04
9.376954985782504082e-04
9.170367848128080368e-04
1.023719785735011101e-03
7.703785086050629616e-04
8.668085210956633091e-04
9.894140530377626419e-04
1.043381751514971256e-03
9.234566823579370975e-04
1.071356702595949173e-03
8.716480224393308163e-04
8.815854671411216259e-04
9.834637166932225227e-04
1.018977258354425430e-03
1.142580527812242508e-03
1.086415955796837807e-03
1.008445397019386292e-03
8.531868807040154934e-04
1.126852352172136307e-03
8.999048732221126556e-04
1.130768912844359875e-03
1.082279952242970467e-03
1.116652972996234894e-03
8.332589059136807919e-04
1.240127603523433208e-03
1.077842316590249538e-03
8.292256970889866352e-04
8.501033880747854710e-04
1.045915181748569012e-03
1.144508365541696548e-03
8.905222639441490173e-04
1.052784966304898262e-03
8.303367649205029011e-04
1.028226688504219055e-03
1.045008539222180843e-03
1.036998233757913113e-03
8.556906250305473804e-04
1.114560756832361221e-03
1.041526324115693569e-03
1.116648432798683643e-03
9.177117026410996914e-04
8.073358912952244282e-04
1.010947744362056255e-03
1.201250241138041019e-03
1.083504059351980686e-03
9.792918572202324867e-04
8.610390941612422466e-04
9.417587425559759140e-04
9.300961974076926708e-04
9.022913873195648193e-04
1.006314414553344250e-03
1.065742806531488895e-03
9.856582619249820709e-04
1.093804952688515186e-03
9.635435999371111393e-04
1.017140224575996399e-03
1.149557181634008884e-03
1.010471605695784092e-03
1.048586447723209858e-03
1.027037971653044224e-03
9.478760184720158577e-04
8.342568762600421906e-04
1.130181946791708469e-03
1.173241995275020599e-03
8.083414286375045776e-04
1.109446748159825802e-03
9.068168583326041698e-04
7.925552199594676495e-04
8.693496347405016422e-04
9.312798501923680305e-04
9.220515494234859943e-04
1.046841032803058624e-03
8.931382908485829830e-04
8.988886838778853416e-04
1.082691946066915989e-03
8.058426319621503353e-04
9.749916498549282551e-04
1.121757202781736851e-03
9.124658536165952682e-04
1.085085677914321423e-03
1.088049379177391529e-03
9.109562379308044910e-04
8.665524655953049660e-04
9.884617757052183151e-04
1.047660131007432938e-03
1.100112218409776688e-03
8.733268477953970432e-04
1.044498872943222523e-03
9.814780205488204956e-04
8.586120093241333961e-04
9.604822262190282345e-04
1.011396525427699089e-03
1.008487772196531296e-03
1.219680299982428551e-03
9.734308114275336266e-04
1.003087731078267097e-03
9.487416245974600315e-04
8.972646901383996010e-04
1.085725612938404083e-03
9.632253204472362995e-04
1.247445819899439812e-03
1.034128013998270035e-03
1.102162757888436317e-03
1.020470983348786831e-03
1.029473729431629181e-03
1.109965727664530277e-03
8.703058701939880848e-04
9.541866020299494267e-04
1.054217922501266003e-03
9.115855209529399872e-04
8.531236089766025543e-04
9.816372767090797424e-04
8.975944947451353073e-04
1.013865228742361069e-03
9.381058043800294399e-04
8.830182487145066261e-04
1.000668969936668873e-03
9.880893630906939507e-04
1.113459002226591110e-03
1.074526226148009300e-03
1.151784905232489109e-03
8.919913088902831078e-04
1.045566052198410034e-03
1.107525196857750416e-03
9.320577955804765224e-04
1.076440326869487762e-03
9.213492739945650101e-04
1.092321122996509075e-03
1.175332232378423214e-03
1.070018508471548557e-03
1.007403247058391571e-03
1.050382619723677635e-03
1.020902767777442932e-03
1.003445475362241268e-03
9.655473986640572548e-04
1.088338787667453289e-03
1.083505223505198956e-03
1.059817150235176086e-03
9.343198034912347794e-04
9.931281674653291702e-04
1.037271926179528236e-03
9.853823576122522354e-04
1.211917609907686710e-03
1.011792453937232494e-03
1.098006847314536572e-03
1.044659991748631001e-03
1.103914808481931686e-03
1.023379387333989143e-03
8.931503398343920708e-04
9.617505711503326893e-04
1.071032253094017506e-03
1.072551123797893524e-03
9.736816282384097576e-04
1.120900968089699745e-03
1.034728251397609711e-03
1.029160339385271072e-03
9.558794554322957993e-04
1.037406735122203827e-03
9.349652682431042194e-04
9.617695468477904797e-04
1.126523013226687908e-03
1.023926073685288429e-03
1.075805164873600006e-03
9.916626149788498878e-04
1.161189749836921692e-03
1.083231880329549313e-03
1.061825314536690712e-03
1.045782002620398998e-03
1.053106854669749737e-03
1.204319763928651810e-03
1.027563819661736488e-03
1.009403960779309273e-03
9.608510299585759640e-04
8.304620860144495964e-04
8.232496329583227634e-04
1.013027620501816273e-03
9.424987365491688251e-04
1.014477573335170746e-03
9.764068527147173882e-04
9.606160456314682961e-04
1.023998134769499302e-03
9.253710741177201271e-04
1.058639376424252987e-03
9.651411091908812523e-04
1.163693261332809925e-03
1.136054983362555504e-03
9.673513122834265232e-04
1.113539095968008041e-03
1.025446457788348198e-03
1.002066535875201225e-03
9.146807715296745300e-04
1.063436502590775490e-03
1.087057404220104218e-03
1.054239110089838505e-03
1.064763870090246201e-03
1.041594077832996845e-03
9.820270352065563202e-04
7.690279744565486908e-04
1.121016801334917545e-03
1.182729727588593960e-03
9.643629309721291065e-04
9.139952016994357109e-04
8.491580956615507603e-04
8.477084920741617680e-04
1.030796789564192295e-03
9.946038480848073959e-04
8.785673999227583408e-04
1.057578716427087784e-03
1.033914042636752129e-03
1.053570071235299110e-03
9.740079403854906559e-04
8.327623945660889149e-04
1.161942840553820133e-03
9.165068622678518295e-04
8.118950645439326763e-04
8.573937229812145233e-04
1.077914261259138584e-03
1.055920147337019444e-03
9.215933969244360924e-04
1.010253094136714935e-03
9.937968570739030838e-04
9.631179273128509521e-04
8.590022334828972816e-04
9.025820181705057621e-04
9.962687036022543907e-04
9.575322619639337063e-04
9.728015284053981304e-04
1.021451433189213276e-03
7.735107792541384697e-04
1.091899001039564610e-03
8.886256255209445953e-04
1.280079944990575314e-03
9.598404867574572563e-04
9.824937442317605019e-04
1.042097806930541992e-03
8.639759616926312447e-04
9.126243530772626400e-04
1.146576250903308392e-03
8.765624370425939560e-04
9.227183181792497635e-04
9.357546805404126644e-04
1.145324786193668842e-03
1.039445749484002590e-03
1.063951523974537849e-03
9.880228899419307709e-04
1.027622260153293610e-03
1.055813161656260490e-03
1.133421086706221104e-03
9.916751878336071968e-04
9.901517769321799278e-04
1.104009919799864292e-03
1.028001308441162109e-03
1.089152763597667217e-03
1.031056861393153667e-03
7.103127427399158478e-04
1.099393237382173538e-03
9.025478502735495567e-04
1.065459335222840309e-03
9.641358628869056702e-04
9.811851195991039276e-04
1.094532897695899010e-03
8.278559544123709202e-04
1.014441135339438915e-03
1.129630021750926971e-03
1.057973015122115612e-03
1.139020547270774841e-03
9.152691927738487720e-04
9.282681276090443134e-04
1.165476394817233086e-03
1.077077700756490231e-03
1.020104857161641121e-03
8.581323199905455112e-04
1.025000121444463730e-03
9.474602411501109600e-04
1.035747001878917217e-03
1.177321304567158222e-03
9.836207609623670578e-04
1.019053859636187553e-03
1.065791468136012554e-03
8.337942417711019516e-04
1.153899007476866245e-03
9.935812558978796005e-04
8.441621321253478527e-04
9.220373467542231083e-04
1.035580877214670181e-03
9.924683254212141037e-04
1.075878390111029148e-03
1.181272091343998909e-03
9.990370599552989006e-04
1.069454825483262539e-03
8.750864653848111629e-04
9.908799547702074051e-04
9.456577245146036148e-04
7.551134331151843071e-04
8.998627890832722187e-04
9.753720369189977646e-04
1.136612729169428349e-03
1.024413737468421459e-03
1.186192734166979790e-03
1.091840676963329315e-03
1.011959509924054146e-03
9.679084178060293198e-04
1.144591369666159153e-03
9.095256682485342026e-04
8.555518579669296741e-04
9.401077986694872379e-04
8.213946712203323841e-04
9.092401014640927315e-04
9.956636931747198105e-04
9.832778014242649078e-04
8.884042617864906788e-04
9.781242115423083305e-04
8.745622471906244755e-04
1.190050970762968063e-03
1.052858075127005577e-03
1.121937646530568600e-03
1.101498142816126347e-03
1.072131097316741943e-03
1.043862896040081978e-03
9.221550426445901394e-04
1.005649799481034279e-03
1.078313565813004971e-03
1.017693546600639820e-03
9.227431728504598141e-04
1.068869372829794884e-03
9.281380334869027138e-04
1.077563269063830376e-03
9.149678517132997513e-04
9.708417928777635098e-04
1.099375076591968536e-03
1.077108783647418022e-03
1.029949984513223171e-03
1.075245323590934277e-03
8.873729966580867767e-04
1.073330291546881199e-03
1.087218988686800003e-03
1.135241356678307056e-03
1.020998228341341019e-03
1.076410873793065548e-03
1.105414703488349915e-03
9.209294803440570831e-04
1.089362776838243008e-03
1.155852572992444038e-03
9.839058620855212212e-04
8.993638912215828896e-04
1.049796002916991711e-03
9.311350877396762371e-04
1.018311129882931709e-03
9.136074804700911045e-04
7.003290811553597450e-04
1.122884685173630714e-03
9.644868550822138786e-04
9.792509954422712326e-04
1.069561927579343319e-03
1.037289504893124104e-03
9.713678737170994282e-04
8.925621514208614826e-04
9.423711453564465046e-04
8.840998052619397640e-04
1.096837106160819530e-03
1.109010889194905758e-03
9.701348026283085346e-04
1.044382108375430107e-03
9.126624790951609612e-04
9.724203846417367458e-04
9.319650125689804554e-04
9.797704406082630157e-04
1.087785116396844387e-03
9.631038992665708065e-04
1.034188200719654560e-03
9.756492218002676964e-04
8.581538568250834942e-04
1.192318741232156754e-03
1.043472904711961746e-03
9.591305279172956944e-04
1.187216490507125854e-03
9.336881921626627445e-04
9.820518316701054573e-04
1.195089542306959629e-03
7.752558449283242226e-04
1.055615022778511047e-03
9.692452731542289257e-04
9.608426480554044247e-04
9.378207614645361900e-04
9.910463122650980949e-04
9.338443051092326641e-04
9.653822635300457478e-04
1.064993441104888916e-03
9.788381867110729218e-04
1.017206814140081406e-03
1.063608448021113873e-03
1.082032220438122749e-03
1.167140668258070946e-03
1.021014759317040443e-03
1.139552099630236626e-03
1.029085135087370872e-03
9.857328841462731361e-04
8.560976129956543446e-04
1.094672130420804024e-03
9.370801853947341442e-04
9.430325007997453213e-04
1.069595804437994957e-03
9.724398260004818439e-04
9.072025422938168049e-04
1.088177319616079330e-03
8.902502013370394707e-04
1.095727668143808842e-03
1.090256380848586559e-03
9.123699855990707874e-04
1.012075226753950119e-03
9.285648120567202568e-04
9.838625555858016014e-04
9.103531483560800552e-04
1.175900688394904137e-03
9.590132976882159710e-04
9.372204658575356007e-04
1.059658941812813282e-03
1.054248888976871967e-03
9.901111479848623276e-04
1.079032546840608120e-03
1.088369288481771946e-03
9.629433043301105499e-04
8.895800565369427204e-04
1.095786574296653271e-03
9.685512050054967403e-04
9.889831999316811562e-04
1.145145506598055363e-03
1.004678546451032162e-03
1.135927741415798664e-03
1.029903069138526917e-03
9.635778842493891716e-04
1.025912235490977764e-03
9.367976454086601734e-04
1.223322818987071514e-03
1.050799153745174408e-03
8.623554604128003120e-04
8.259223541244864464e-04
9.179392363876104355e-04
8.357201004400849342e-04
1.296097412705421448e-03
9.732932667247951031e-04
1.014659646898508072e-03
9.208060218952596188e-04
1.007248763926327229e-03
1.113699167035520077e-03
1.197492936626076698e-03
9.407317847944796085e-04
1.051462139002978802e-03
8.387286216020584106e-04
9.305615676566958427e-04
1.156221260316669941e-03
9.376970119774341583e-04
9.638131014071404934e-04
1.016010646708309650e-03
9.847134351730346680e-04
9.775660000741481781e-04
9.747018921189010143e-04
1.035558874718844891e-03
1.023559598252177238e-03
1.025965902954339981e-03
1.092912396416068077e-03
1.107937539927661419e-03
9.888687636703252792e-04
9.339373791590332985e-04
8.672732510603964329e-04
9.443998569622635841e-04
1.162706059403717518e-03
1.001784461550414562e-03
8.237001020461320877e-04
8.986672619357705116e-04
9.500551386736333370e-04
1.094015780836343765e-03
1.176359481178224087e-03
1.060005393810570240e-03
9.202999644912779331e-04
1.093503320589661598e-03
1.103110262192785740e-03
1.077684923075139523e-03
1.012326800264418125e-03
9.975143475458025932e-04
1.055894419550895691e-03
1.163174165412783623e-03
9.104348719120025635e-04
1.077375840395689011e-03
1.018301467411220074e-03
1.128644798882305622e-03
8.235962595790624619e-04
1.093845930881798267e-03
1.026350888423621655e-03
1.207048422656953335e-03
8.402198436670005322e-04
1.010525505989789963e-03
1.095978775992989540e-03
6.898342981003224850e-04
9.850618662312626839e-04
1.009882893413305283e-03
9.605574887245893478e-04
1.094019506126642227e-03
1.070772763341665268e-03
9.803462307900190353e-04
9.525070199742913246e-04
1.054532476700842381e-03
1.056128530763089657e-03
1.156833139248192310e-03
1.246362808160483837e-03
9.919316507875919342e-04
1.003409270197153091e-03
1.118554268032312393e-03
1.018684590235352516e-03
1.154305762611329556e-03
9.643484954722225666e-04
9.168194374069571495e-04
1.170404488220810890e-03
9.260504157282412052e-04
8.320829947479069233e-04
1.009516650810837746e-03
1.042298157699406147e-03
1.207616180181503296e-03
9.662930388003587723e-04
1.133517711423337460e-03
9.877373231574892998e-04
1.171301235444843769e-03
1.020484021864831448e-03
9.365727310068905354e-04
9.990663966163992882e-04
9.567608358338475227e-04
1.214862801134586334e-03
7.752315141260623932e-04
9.387248428538441658e-04
1.064297626726329327e-03
9.454794344492256641e-04
1.141168992035090923e-03
1.044327858835458755e-03
1.116109080612659454e-03
9.959128219634294510e-04
9.745543356984853745e-04
1.004076213575899601e-03
9.484289330430328846e-04
1.024181838147342205e-03
8.489970350638031960e-04
1.075578154996037483e-03
1.096321037039160728e-03
8.900404791347682476e-04
9.419397683814167976e-04
9.864332387223839760e-04
1.084768446162343025e-03
9.248417336493730545e-04
8.574606617912650108e-04
8.214462432079017162e-04
9.884637547656893730e-04
1.050890306942164898e-03
9.511625394225120544e-04
1.031822292134165764e-03
1.000758027657866478e-03
9.107344667427241802e-04
1.091041718609631062e-03
1.100558903999626637e-03
1.086032018065452576e-03
9.768904419615864754e-04
9.488292271271348000e-04
9.583696955814957619e-04
1.101733767427504063e-03
1.142892520874738693e-03
7.685591117478907108e-04
9.703146643005311489e-04
8.949754410423338413e-04
9.618820040486752987e-04
1.060918089933693409e-03
1.041115145199000835e-03
1.084512914530932903e-03
1.149512594565749168e-03
9.467374184168875217e-04
1.016220310702919960e-03
1.030847430229187012e-03
9.483025642111897469e-04
1.155757578089833260e-03
8.746082312427461147e-04
1.040284172631800175e-03
9.456484112888574600e-04
8.744676597416400909e-04
9.568525128997862339e-04
9.796348167583346367e-04
9.275999036617577076e-04
8.467293810099363327e-04
1.103913411498069763e-03
1.122091198340058327e-03
8.675904246047139168e-04
9.246346889995038509e-04
9.436641121283173561e-04
1.118050422519445419e-03
1.230685389600694180e-03
9.041330777108669281e-04
1.002034754492342472e-03
1.012584427371621132e-03
8.172476664185523987e-04
1.044784206897020340e-03
1.053665298968553543e-03
9.943894110620021820e-04
9.762939298525452614e-04
1.022221404127776623e-03
8.133882656693458557e-04
1.046266173943877220e-03
9.878193959593772888e-04
9.823231957852840424e-04
1.127454335801303387e-03
8.955110679380595684e-04
9.828740730881690979e-04
1.062649185769259930e-03
