7.896032184362411499e-04
1.059349393472075462e-03
1.113610691390931606e-03
1.276801456697285175e-03
1.151797710917890072e-03
1.196586061269044876e-03
9.583381470292806625e-04
9.482017485424876213e-04
9.627334657125174999e-04
6.384644075296819210e-04
1.475702272728085518e-03
1.154030207544565201e-03
1.105164759792387486e-03
1.223651808686554432e-03
1.135853584855794907e-03
1.115969265811145306e-03
9.563699713908135891e-04
1.119194668717682362e-03
1.415506703779101372e-03
9.419913403689861298e-04
9.188907570205628872e-04
1.010772655718028545e-03
8.528556791134178638e-04
9.350709151476621628e-04
9.762675035744905472e-04
9.770267643034458160e-04
9.899690048769116402e-04
7.757559069432318211e-04
7.523901876993477345e-04
9.081915486603975296e-04
6.416261894628405571e-04
9.644640376791357994e-04
1.165476394817233086e-03
1.436765072867274284e-03
1.220617559738457203e-03
1.068055396899580956e-03
1.018124981783330441e-03
9.406919125467538834e-04
9.432579972781240940e-04
1.372021390125155449e-03
8.950877818278968334e-04
1.205117208883166313e-03
1.088046585209667683e-03
1.329708029516041279e-03
8.451559115201234818e-04
1.226906664669513702e-03
9.915243135765194893e-04
1.243512961082160473e-03
1.387886819429695606e-03
1.138953608460724354e-03
1.072530867531895638e-03
1.112642348743975163e-03
8.937031961977481842e-04
8.549464400857686996e-04
9.682325180619955063e-04
1.200595870614051819e-03
1.251004519872367382e-03
1.339120673947036266e-03
8.147772750817239285e-04
9.885377949103713036e-04
9.882684098556637764e-04
1.135806436650454998e-03
1.152272569015622139e-03
1.124176545999944210e-03
1.105727977119386196e-03
8.379576029255986214e-04
1.042702700942754745e-03
8.959346450865268707e-04
9.620380587875843048e-04
1.163109904155135155e-03
9.399761329405009747e-04
1.211241935379803181e-03
7.019980112090706825e-04
9.604152874089777470e-04
1.004466670565307140e-03
1.108920201659202576e-03
1.012506545521318913e-03
1.193667994812130928e-03
9.801540290936827660e-04
1.105668838135898113e-03
9.951217798516154289e-04
9.786209557205438614e-04
9.559089085087180138e-04
8.997595869004726410e-04
7.732774829491972923e-04
8.172468515112996101e-04
7.041479111649096012e-04
9.967760415747761726e-04
8.950842311605811119e-04
1.043900731019675732e-03
8.224453194998204708e-04
1.047102035954594612e-03
1.132625271566212177e-03
9.598608594387769699e-04
1.122416113503277302e-03
1.140712993219494820e-03
5.851460155099630356e-04
9.480471489951014519e-04
1.119876978918910027e-03
1.039196620695292950e-03
9.852629154920578003e-04
1.226796419359743595e-03
1.155304606072604656e-03
1.149342977441847324e-03
1.286016078665852547e-03
9.866490727290511131e-04
1.203683088533580303e-03
1.071944250725209713e-03
7.546353153884410858e-04
1.129459589719772339e-03
9.846909670159220695e-04
8.886610157787799835e-04
1.047094818204641342e-03
1.050383900292217731e-03
8.097983663901686668e-04
1.121469424106180668e-03
9.584272047504782677e-04
8.669692906551063061e-04
1.097175758332014084e-03
1.178451697342097759e-03
9.304315899498760700e-04
1.464001135900616646e-03
1.166352536529302597e-03
1.235715928487479687e-03
8.924161083996295929e-04
9.955422719940543175e-04
9.207645198330283165e-04
7.528351852670311928e-04
1.302785123698413372e-03
6.950251408852636814e-04
1.206464599817991257e-03
8.530878112651407719e-04
8.681254694238305092e-04
1.170628471300005913e-03
1.047989702783524990e-03
7.022466743364930153e-04
8.701307233422994614e-04
8.315425948239862919e-04
9.441051515750586987e-04
7.337970891967415810e-04
1.273966976441442966e-03
8.216000278480350971e-04
1.037873560562729836e-03
9.880326688289642334e-04
1.142866327427327633e-03
9.128250530920922756e-04
8.477786323055624962e-04
7.658665417693555355e-04
9.632490109652280807e-04
9.453152888454496861e-04
8.933551725931465626e-04
1.135454629547894001e-03
8.998414850793778896e-04
9.029086213558912277e-04
1.235009054653346539e-03
1.198571873828768730e-03
1.044901320710778236e-03
9.825128363445401192e-04
9.528885129839181900e-04
9.271443705074489117e-04
8.785460959188640118e-04
9.494508267380297184e-04
1.021358184516429901e-03
8.990032947622239590e-04
8.585691684857010841e-04
8.336871978826820850e-04
9.561632177792489529e-04
9.561173501424491405e-04
1.096152816899120808e-03
1.226019696332514286e-03
7.727266056463122368e-04
9.124509524554014206e-04
1.343860290944576263e-03
9.603578364476561546e-04
1.121873967349529266e-03
1.263701589778065681e-03
1.328455051407217979e-03
7.704195450060069561e-04
1.037714770063757896e-03
1.172957243397831917e-03
1.115260529331862926e-03
8.203914621844887733e-04
6.726066349074244499e-04
1.130946562625467777e-03
9.556306758895516396e-04
9.434934472665190697e-04
8.381571969948709011e-04
1.178355654701590538e-03
6.509742233902215958e-04
1.055088825523853302e-03
1.235460746102035046e-03
9.566125227138400078e-04
8.865988929755985737e-04
1.117863925173878670e-03
1.093491213396191597e-03
9.925815975293517113e-04
9.537974838167428970e-04
8.806646219454705715e-04
1.262168283574283123e-03
1.131016761064529419e-03
1.152516808360815048e-03
1.249496592208743095e-03
9.280710946768522263e-04
1.132201985456049442e-03
1.054449123330414295e-03
1.027424819767475128e-03
8.130485657602548599e-04
1.071090577170252800e-03
9.572930284775793552e-04
1.238188124261796474e-03
1.008887891657650471e-03
1.285732956603169441e-03
9.767264127731323242e-04
1.123099005781114101e-03
9.163096547126770020e-04
9.402105933986604214e-04
1.466124551370739937e-03
1.011098735034465790e-03
9.873168310150504112e-04
1.126518240198493004e-03
6.292157922871410847e-04
8.588135824538767338e-04
1.020074007101356983e-03
7.572941831313073635e-04
9.513256372883915901e-04
1.167485024780035019e-03
9.540952742099761963e-04
9.237740887328982353e-04
9.258342906832695007e-04
9.981634793803095818e-04
9.572127601131796837e-04
1.089283498004078865e-03
8.789061103016138077e-04
8.416956989094614983e-04
8.344870293512940407e-04
1.090046600438654423e-03
7.631230982951819897e-04
1.157503225840628147e-03
8.743204525671899319e-04
9.052027016878128052e-04
8.866061689332127571e-04
9.196031605824828148e-04
8.511047926731407642e-04
8.950965711846947670e-04
1.070817816071212292e-03
9.599264012649655342e-04
1.099127694033086300e-03
1.070919213816523552e-03
8.339097839780151844e-04
7.782145403325557709e-04
1.211724709719419479e-03
1.147159142419695854e-03
7.752221426926553249e-04
8.146567852236330509e-04
9.747513686306774616e-04
8.788903942331671715e-04
9.708848083391785622e-04
8.938461542129516602e-04
9.403242147527635098e-04
8.434412302449345589e-04
5.976549582555890083e-04
9.048915817402303219e-04
1.226007123477756977e-03
9.651452419348061085e-04
9.704038384370505810e-04
8.887480362318456173e-04
9.363339631818234921e-04
8.367548580281436443e-04
8.170980145223438740e-04
1.027632853947579861e-03
9.181763743981719017e-04
1.106763840653002262e-03
8.328493568114936352e-04
7.663894793950021267e-04
9.096923167817294598e-04
1.785220694728195667e-03
9.782710112631320953e-04
1.178003964014351368e-03
9.876973927021026611e-04
1.153555000200867653e-03
1.049407524988055229e-03
9.237190242856740952e-04
1.006280886940658092e-03
1.221309532411396503e-03
8.942931890487670898e-04
1.104449154809117317e-03
1.323019387200474739e-03
9.851889917626976967e-04
9.673243621364235878e-04
1.001712284050881863e-03
9.629145497456192970e-04
8.317024330608546734e-04
9.642870281822979450e-04
9.542352054268121719e-04
8.738664328120648861e-04
9.492188692092895508e-04
1.059570000506937504e-03
8.372083539143204689e-04
1.029380247928202152e-03
9.635507012717425823e-04
9.800841799005866051e-04
1.088727265596389771e-03
8.959402330219745636e-04
7.656047237105667591e-04
1.050159218721091747e-03
1.016068272292613983e-03
1.027900609187781811e-03
8.491123444400727749e-04
1.191937830299139023e-03
9.404403390362858772e-04
9.428866906091570854e-04
1.169423339888453484e-03
1.053688698448240757e-03
1.113774254918098450e-03
9.837346151471138000e-04
1.224189065396785736e-03
1.288788625970482826e-03
6.761314580217003822e-04
1.306583755649626255e-03
9.679687791503965855e-04
9.804319124668836594e-04
6.660780636593699455e-04
1.306721940636634827e-03
7.909479318186640739e-04
9.640569915063679218e-04
1.220901147462427616e-03
8.371265139430761337e-04
1.378742745146155357e-03
9.857119293883442879e-04
1.034130807965993881e-03
9.093540720641613007e-04
9.407761390320956707e-04
8.910247706808149815e-04
1.019830815494060516e-03
9.651322616264224052e-04
9.820730192586779594e-04
9.555954020470380783e-04
1.195482560433447361e-03
1.154297264292836189e-03
9.646728285588324070e-04
1.208679517731070518e-03
8.055646321736276150e-04
1.101184287108480930e-03
1.107884221710264683e-03
9.843223961070179939e-04
1.052764826454222202e-03
1.135369995608925819e-03
1.261578756384551525e-03
9.978824527934193611e-04
8.290044497698545456e-04
9.731631143949925900e-04
9.727680590003728867e-04
1.045312266796827316e-03
7.713075610809028149e-04
9.141197660937905312e-04
1.205228501930832863e-03
1.039332244545221329e-03
8.416772470809519291e-04
1.137081184424459934e-03
7.959258509799838066e-04
9.290403686463832855e-04
1.259274315088987350e-03
9.193347068503499031e-04
1.373777166008949280e-03
1.376324566081166267e-03
9.574972209520637989e-04
1.054833759553730488e-03
9.382228599861264229e-04
1.129723503254354000e-03
8.867437718436121941e-04
1.104506081901490688e-03
9.624065714888274670e-04
9.216825128532946110e-04
1.012644148431718349e-03
1.109212636947631836e-03
1.209189300425350666e-03
8.984307060018181801e-04
1.178547507151961327e-03
1.013539964333176613e-03
1.233711955137550831e-03
1.094007981009781361e-03
1.093274797312915325e-03
7.438296452164649963e-04
8.775510359555482864e-04
1.136724487878382206e-03
8.179389405995607376e-04
1.088712946511805058e-03
1.101714908145368099e-03
1.098044100217521191e-03
1.121707959100604057e-03
1.151977106928825378e-03
1.095340587198734283e-03
6.264530238695442677e-04
1.006071572192013264e-03
1.171544077806174755e-03
1.144162728451192379e-03
1.152426935732364655e-03
7.877476746216416359e-04
9.256692719645798206e-04
1.056182198226451874e-03
1.299652154557406902e-03
1.320840325206518173e-03
9.913333924487233162e-04
1.390595803968608379e-03
1.076799351722002029e-03
1.176617457531392574e-03
1.082278671674430370e-03
7.466565002687275410e-04
1.004751189611852169e-03
9.157017339020967484e-04
9.251559386029839516e-04
9.399679838679730892e-04
1.212459057569503784e-03
9.142998023889958858e-04
8.521130657754838467e-04
1.007561571896076202e-03
7.585153798572719097e-04
1.209593960084021091e-03
6.641186191700398922e-04
1.010684063658118248e-03
8.947438327595591545e-04
1.024669036269187927e-03
1.094364328309893608e-03
9.066020720638334751e-04
9.495485574007034302e-04
1.244726590812206268e-03
8.322322973981499672e-04
7.554667536169290543e-04
1.007960876449942589e-03
1.211743219755589962e-03
1.082339440472424030e-03
8.903376874513924122e-04
8.510486222803592682e-04
1.183212734758853912e-03
1.092969439923763275e-03
7.157918880693614483e-04
8.408502908423542976e-04
9.727600845508277416e-04
1.099573448300361633e-03
1.051186583936214447e-03
9.640162461437284946e-04
1.196331111714243889e-03
1.072886283509433270e-03
1.151276868768036366e-03
1.058118417859077454e-03
1.076171174645423889e-03
9.109360398724675179e-04
1.043780823238193989e-03
1.006404520012438297e-03
8.266150834970176220e-04
1.391913043335080147e-03
9.052228415384888649e-04
1.177603146061301231e-03
7.777402643114328384e-04
9.786222362890839577e-04
1.134267193265259266e-03
1.023090444505214691e-03
9.228793787769973278e-04
9.295298950746655464e-04
9.696377674117684364e-04
9.475011611357331276e-04
8.482591365464031696e-04
1.064916956238448620e-03
1.027733902446925640e-03
1.065733260475099087e-03
1.047922531142830849e-03
1.045678742229938507e-03
7.003897335380315781e-04
8.641278254799544811e-04
8.481068070977926254e-04
6.759651005268096924e-04
9.456800180487334728e-04
9.910771623253822327e-04
7.503265514969825745e-04
1.013609115034341812e-03
8.223661570809781551e-04
1.062900293618440628e-03
8.553041261620819569e-04
9.246494155377149582e-04
8.785093086771667004e-04
1.042929710820317268e-03
9.108537924475967884e-04
1.115651801228523254e-03
1.030270359478890896e-03
7.106662378646433353e-04
1.437949831597507000e-03
9.600530611351132393e-04
1.051244791597127914e-03
9.767323499545454979e-04
6.818137480877339840e-04
1.023801742121577263e-03
1.006711157970130444e-03
1.269628526642918587e-03
9.133323328569531441e-04
1.207048655487596989e-03
9.310748428106307983e-04
9.736331994645297527e-04
9.100807365030050278e-04
8.207080536521971226e-04
1.239047269336879253e-03
9.487033821642398834e-04
9.899266296997666359e-04
8.960363338701426983e-04
9.467869531363248825e-04
1.079681911505758762e-03
1.053140149451792240e-03
1.132476842030882835e-03
1.227539964020252228e-03
9.728252189233899117e-04
1.417319872416555882e-03
9.101799223572015762e-04
1.477666548453271389e-03
1.070158672519028187e-03
9.178678737953305244e-04
9.872142691165208817e-04
7.966249831952154636e-04
1.236366340890526772e-03
8.455485221929848194e-04
9.472808451391756535e-04
1.070823054760694504e-03
1.232176320627331734e-03
1.045850105583667755e-03
1.126739429309964180e-03
1.063598901964724064e-03
1.000190270133316517e-03
1.007329439744353294e-03
8.982577128335833549e-04
1.145338290371000767e-03
1.000152784399688244e-03
9.513155091553926468e-04
1.379914581775665283e-03
1.144884852692484856e-03
8.814847678877413273e-04
1.026513287797570229e-03
1.128573203459382057e-03
1.098356093280017376e-03
1.065746881067752838e-03
7.233300711959600449e-04
8.483304991386830807e-04
1.224777894094586372e-03
1.273478963412344456e-03
9.587488020770251751e-04
1.174473902210593224e-03
8.703598869033157825e-04
1.036397647112607956e-03
1.173707889392971992e-03
1.254257629625499249e-03
8.294012513943016529e-04
1.212422153912484646e-03
1.164974877610802650e-03
7.375731947831809521e-04
8.116018725559115410e-04
1.068568439222872257e-03
9.084228076972067356e-04
9.303836268372833729e-04
1.089525874704122543e-03
1.085712690837681293e-03
8.829976432025432587e-04
9.469546494074165821e-04
1.077559078112244606e-03
8.636976126581430435e-04
1.169841969385743141e-03
1.263655256479978561e-03
1.098931068554520607e-03
1.199719379656016827e-03
1.055079395882785320e-03
8.815840701572597027e-04
9.522237814962863922e-04
1.009833882562816143e-03
9.369884501211345196e-04
1.102330861613154411e-03
1.045611803419888020e-03
9.453995735384523869e-04
1.117688487283885479e-03
9.810975752770900726e-04
1.025524921715259552e-03
9.150541154667735100e-04
8.937494712881743908e-04
1.053987885825335979e-03
1.245361752808094025e-03
8.536222740076482296e-04
8.187366765923798084e-04
9.781634435057640076e-04
8.418579236604273319e-04
6.476353737525641918e-04
9.401436545886099339e-04
1.001849770545959473e-03
1.106284442357718945e-03
9.103750344365835190e-04
1.093310071155428886e-03
1.064435346052050591e-03
1.069262856617569923e-03
1.141447224654257298e-03
1.059443806298077106e-03
1.162865548394620419e-03
1.030835672281682491e-03
1.087054726667702198e-03
8.962364518083631992e-04
1.105853589251637459e-03
8.601346053183078766e-04
1.068485667929053307e-03
1.247266074642539024e-03
1.306346850469708443e-03
6.922303000465035439e-04
1.074580126442015171e-03
8.925936999730765820e-04
1.090705743990838528e-03
8.434326155111193657e-04
1.292958157137036324e-03
1.000746153295040131e-03
1.167439040727913380e-03
9.497234132140874863e-04
1.169201568700373173e-03
1.114353071898221970e-03
6.656948244199156761e-04
9.442311711609363556e-04
7.887920364737510681e-04
1.236684969626367092e-03
1.018662005662918091e-03
8.677953155711293221e-04
9.856080869212746620e-04
9.623336954973638058e-04
9.447720367461442947e-04
1.114251557737588882e-03
9.830126073211431503e-04
1.227814704179763794e-03
1.083845272660255432e-03
1.058113179169595242e-03
1.001647557131946087e-03
1.061749760992825031e-03
9.716021013446152210e-04
1.172241172753274441e-03
9.710743906907737255e-04
1.171363866887986660e-03
9.340629912912845612e-04
1.058024005033075809e-03
9.450903162360191345e-04
9.744621929712593555e-04
8.600362925790250301e-04
7.304846076294779778e-04
8.756928145885467529e-04
9.818205144256353378e-04
9.100547176785767078e-04
1.236694282852113247e-03
7.419222383759915829e-04
1.464880420826375484e-03
1.035033143125474453e-03
7.061653304845094681e-04
8.191029774025082588e-04
1.146525959484279156e-03
1.050281221978366375e-03
1.245605293661355972e-03
9.266553679481148720e-04
1.008480787277221680e-03
9.929554071277379990e-04
1.173535711131989956e-03
1.072424580343067646e-03
9.623488876968622208e-04
1.101548201404511929e-03
1.070237020030617714e-03
8.660522871650755405e-04
8.948271861299872398e-04
1.240946003235876560e-03
9.008566266857087612e-04
9.348330204375088215e-04
1.059886883012950420e-03
9.387099416926503181e-04
9.389239712618291378e-04
9.262390085496008396e-04
8.336938917636871338e-04
9.296912467107176781e-04
1.296194735914468765e-03
7.383919437415897846e-04
9.512386168353259563e-04
8.322763605974614620e-04
8.024680428206920624e-04
1.201785285957157612e-03
7.616718066856265068e-04
8.783281664364039898e-04
9.160311310552060604e-04
1.177133759483695030e-03
7.664974546059966087e-04
8.646524511277675629e-04
1.068242941983044147e-03
1.014226698316633701e-03
1.274646609090268612e-03
8.960989071056246758e-04
1.172104384750127792e-03
1.091438811272382736e-03
9.484835318289697170e-04
8.789670537225902081e-04
8.088153554126620293e-04
8.979331469163298607e-04
9.227719856426119804e-04
8.355427999049425125e-04
1.234041061252355576e-03
9.329155436716973782e-04
7.675765664316713810e-04
8.676002034917473793e-04
9.506354108452796936e-04
9.763953275978565216e-04
1.019795425236225128e-03
8.679888560436666012e-04
1.147519331425428391e-03
9.094318957068026066e-04
9.043042082339525223e-04
1.181929372251033783e-03
9.091994143091142178e-04
7.898246403783559799e-04
1.047247787937521935e-03
9.695845656096935272e-04
8.198888972401618958e-04
1.239824341610074043e-03
7.982536917552351952e-04
1.300166710279881954e-03
1.349900616332888603e-03
8.051766199059784412e-04
7.334331166930496693e-04
7.229080656543374062e-04
8.501373813487589359e-04
1.034176326356828213e-03
9.062905446626245975e-04
1.189751084893941879e-03
1.416642451658844948e-03
9.705874253995716572e-04
8.936400990933179855e-04
1.087165670469403267e-03
8.299490436911582947e-04
9.445166215300559998e-04
1.068662735633552074e-03
1.156340003944933414e-03
7.807976217009127140e-04
1.125499838963150978e-03
1.032322761602699757e-03
8.845938718877732754e-04
1.320855459198355675e-03
9.233495802618563175e-04
9.126137592829763889e-04
1.036094967275857925e-03
9.960047900676727295e-04
8.988016634248197079e-04
1.115670893341302872e-03
9.025911567732691765e-04
8.908205199986696243e-04
1.080643269233405590e-03
1.017549540847539902e-03
9.946391219273209572e-04
1.021010801196098328e-03
8.259423775598406792e-04
7.698471890762448311e-04
1.058380468748509884e-03
7.536736666224896908e-04
1.120571047067642212e-03
8.625314803794026375e-04
9.657564805820584297e-04
9.819209808483719826e-04
9.463823516853153706e-04
8.545127348043024540e-04
9.042756864801049232e-04
9.947856888175010681e-04
8.856302592903375626e-04
8.566959877498447895e-04
1.246947445906698704e-03
8.624423062428832054e-04
1.405269373208284378e-03
1.367072225548326969e-03
1.242674887180328369e-03
8.245794451795518398e-04
9.680828661657869816e-04
1.039139810018241405e-03
1.015406334772706032e-03
9.720012894831597805e-04
1.502546831034123898e-03
1.086056465283036232e-03
8.349712588824331760e-04
1.021678443066775799e-03
9.398910915479063988e-04
8.625002810731530190e-04
9.503333130851387978e-04
9.841372957453131676e-04
9.017080883495509624e-04
8.005922427400946617e-04
8.934247889555990696e-04
1.415909966453909874e-03
9.038562420755624771e-04
1.216289820149540901e-03
9.151981794275343418e-04
1.244332524947822094e-03
1.060409587807953358e-03
8.915978251025080681e-04
1.092291553504765034e-03
9.048075880855321884e-04
9.192513534799218178e-04
9.851477807387709618e-04
8.519345428794622421e-04
8.911546319723129272e-04
1.006482401862740517e-03
1.235971576534211636e-03
9.405165328644216061e-04
9.308344451710581779e-04
9.115049033425748348e-04
9.884005412459373474e-04
1.095999614335596561e-03
9.935174603015184402e-04
9.886410553008317947e-04
9.524006163701415062e-04
1.063764095306396484e-03
1.161458436399698257e-03
1.109253731556236744e-03
9.514959529042243958e-04
9.189233533106744289e-04
8.304469520226120949e-04
1.037153764627873898e-03
1.357935718260705471e-03
1.245527993887662888e-03
1.312511856667697430e-03
8.023577975109219551e-04
9.202655637636780739e-04
9.446664480492472649e-04
8.465872961096465588e-04
8.899585809558629990e-04
1.026707119308412075e-03
9.778905659914016724e-04
1.164846704341471195e-03
1.079740584827959538e-03
1.047472702339291573e-03
1.014826237224042416e-03
7.861052290536463261e-04
8.532265201210975647e-04
1.165134483017027378e-03
9.994352003559470177e-04
1.227144617587327957e-03
9.845792083069682121e-04
1.086495700292289257e-03
1.006004051305353642e-03
1.007004757411777973e-03
9.360006079077720642e-04
9.727387805469334126e-04
9.700545342639088631e-04
1.362621318548917770e-03
8.841620874591171741e-04
1.214496325701475143e-03
8.399928919970989227e-04
8.106718305498361588e-04
1.036805333569645882e-03
1.382004702463746071e-03
1.254178234376013279e-03
1.087118056602776051e-03
9.306776337325572968e-04
9.334545466117560863e-04
8.288093958981335163e-04
1.091812620870769024e-03
1.109387492761015892e-03
8.895650971680879593e-04
1.134524703957140446e-03
9.570991387590765953e-04
1.008617342449724674e-03
1.059528090991079807e-03
1.065688440576195717e-03
1.136206206865608692e-03
7.728402270004153252e-04
1.134423888288438320e-03
8.673322736285626888e-04
1.087183947674930096e-03
1.072933431714773178e-03
8.254891727119684219e-04
9.310190798714756966e-04
1.023884164169430733e-03
1.225645421072840691e-03
1.399997738189995289e-03
8.931155316531658173e-04
1.209154375828802586e-03
9.879040298983454704e-04
1.005410100333392620e-03
7.851005066186189651e-04
1.148380571976304054e-03
7.479378255084156990e-04
1.085756462998688221e-03
9.308576700277626514e-04
8.083640714175999165e-04
1.273240428417921066e-03
1.232373877428472042e-03
1.154021709226071835e-03
6.585890660062432289e-04
1.187934190966188908e-03
1.360998372547328472e-03
9.509487426839768887e-04
9.203794761560857296e-04
8.784062229096889496e-04
5.868448643013834953e-04
9.633391746319830418e-04
1.082312082871794701e-03
8.479030220769345760e-04
1.026786281727254391e-03
1.045487937517464161e-03
1.211623311974108219e-03
8.059935644268989563e-04
1.059575937688350677e-03
1.116950763389468193e-03
1.059291884303092957e-03
1.030621817335486412e-03
1.080662943422794342e-03
1.230884343385696411e-03
1.113129546865820885e-03
8.090882329270243645e-04
1.231243717484176159e-03
9.643136872909963131e-04
9.154625004157423973e-04
9.883642196655273438e-04
1.027460559271275997e-03
7.776093552820384502e-04
1.031298888847231865e-03
7.796865538693964481e-04
9.100232855416834354e-04
1.118506421335041523e-03
1.049423241056501865e-03
8.810191066004335880e-04
1.009112107567489147e-03
8.662167238071560860e-04
8.073193021118640900e-04
9.274780750274658203e-04
9.027614141814410686e-04
9.309076704084873199e-04
7.975042099133133888e-04
1.266025938093662262e-03
1.082356437109410763e-03
9.038796997629106045e-04
1.304564066231250763e-03
1.065981457941234112e-03
1.206649118103086948e-03
9.480405133217573166e-04
9.933460969477891922e-04
1.032022177241742611e-03
9.637543698772788048e-04
8.707855013199150562e-04
8.519004331901669502e-04
9.023314341902732849e-04
9.911840315908193588e-04
9.600272169336676598e-04
1.022190670482814312e-03
9.683870594017207623e-04
9.867800399661064148e-04
9.711480233818292618e-04
9.417527471669018269e-04
8.373708697035908699e-04
8.612601086497306824e-04
8.484820136800408363e-04
1.071336795575916767e-03
7.720321300439536572e-04
8.837627829052507877e-04
9.941179305315017700e-04
7.188639137893915176e-04
1.284126774407923222e-03
1.037199515849351883e-03
1.154036726802587509e-03
1.077176770195364952e-03
1.029263832606375217e-03
9.456339175812900066e-04
8.349304553121328354e-04
9.392856736667454243e-04
8.488585008308291435e-04
9.366055601276457310e-04
1.052939915098249912e-03
1.200626487843692303e-03
7.621115073561668396e-04
7.261181017383933067e-04
1.003231853246688843e-03
1.209688140079379082e-03
7.983634131960570812e-04
7.360013551078736782e-04
9.608143009245395660e-04
1.308051287196576595e-03
8.366772090084850788e-04
8.850197191350162029e-04
9.588346583768725395e-04
7.741127628833055496e-04
1.016365364193916321e-03
7.629283354617655277e-04
1.003476325422525406e-03
8.962186402641236782e-04
9.107780642807483673e-04
1.040199422277510166e-03
1.093019382096827030e-03
1.248391810804605484e-03
1.139304018579423428e-03
1.036551664583384991e-03
1.192868337966501713e-03
7.564415573142468929e-04
1.299361698329448700e-03
9.482496534474194050e-04
1.199489110149443150e-03
1.378663931973278522e-03
8.516428642906248569e-04
9.328769519925117493e-04
9.111482067964971066e-04
1.119406428188085556e-03
9.845407912507653236e-04
9.876848198473453522e-04
1.037002308294177055e-03
8.963748114183545113e-04
