9.886497864499688148e-04
1.000317162834107876e-03
9.870176436379551888e-04
1.023062737658619881e-03
1.001266296952962875e-03
9.978560265153646469e-04
1.000016811303794384e-03
1.016530091874301434e-03
1.003895304165780544e-03
9.882689919322729111e-04
9.946032660081982613e-04
1.009392552077770233e-03
1.005764584988355637e-03
9.690030128695070744e-04
1.016486552543938160e-03
9.784840513020753860e-04
1.016863388940691948e-03
9.872335940599441528e-04
1.022537820972502232e-03
9.875727118924260139e-04
9.818843100219964981e-04
1.001297379843890667e-03
1.000512973405420780e-03
9.840232087299227715e-04
9.999335743486881256e-04
9.914699476212263107e-04
9.928626241162419319e-04
1.001032651402056217e-03
1.029213890433311462e-03
9.592868154868483543e-04
9.764289134182035923e-04
9.949175873771309853e-04
1.014423323795199394e-03
9.535411954857409000e-04
9.996818844228982925e-04
9.865534957498311996e-04
1.000976189970970154e-03
1.023433054797351360e-03
1.028951839543879032e-03
9.866110049188137054e-04
1.021645148284733295e-03
9.993097046390175819e-04
1.008174032904207706e-03
9.804348228499293327e-04
9.909742511808872223e-04
9.832992218434810638e-04
9.929547086358070374e-04
9.926962666213512421e-04
1.000468735583126545e-03
1.030185027047991753e-03
9.968306403607130051e-04
1.002779812552034855e-03
1.019304618239402771e-03
1.018712413497269154e-03
1.019385410472750664e-03
1.002657692879438400e-03
1.009646104648709297e-03
9.950201492756605148e-04
9.893499081954360008e-04
9.897515410557389259e-04
1.014004927128553391e-03
9.953322587534785271e-04
1.007627462968230247e-03
9.913954418152570724e-04
9.831030620262026787e-04
9.803570574149489403e-04
1.008439692668616772e-03
9.807016467675566673e-04
9.795513469725847244e-04
1.022335491143167019e-03
9.825347224250435829e-04
1.007263083010911942e-03
9.978169109672307968e-04
1.034883665852248669e-03
1.013549626804888248e-03
1.023560413159430027e-03
1.023702672682702541e-03
9.955611312761902809e-04
9.981039911508560181e-04
1.013024011626839638e-03
9.915608679875731468e-04
1.015323563478887081e-03
1.011990243569016457e-03
9.841265855357050896e-04
9.980798931792378426e-04
9.943243348971009254e-04
1.003182027488946915e-03
1.027906429953873158e-03
1.003525801934301853e-03
9.967577643692493439e-04
9.939759038388729095e-04
9.922767058014869690e-04
1.022743759676814079e-03
9.901453740894794464e-04
1.001664670184254646e-03
9.962789481505751610e-04
1.009735628031194210e-03
9.993723360821604729e-04
1.005545142106711864e-03
1.005960279144346714e-03
9.898121934384107590e-04
1.003484125249087811e-03
9.862288134172558784e-04
1.015479909256100655e-03
1.005700905807316303e-03
1.017597620375454426e-03
1.000447547994554043e-03
9.854655945673584938e-04
9.706869022920727730e-04
1.024807919748127460e-03
9.819098049774765968e-04
9.992620907723903656e-04
9.874622337520122528e-04
1.030971296131610870e-03
9.676030022092163563e-04
1.019434654153883457e-03
1.002503209747374058e-03
9.794671786949038506e-04
9.923195466399192810e-04
9.890847140923142433e-04
1.026370795443654060e-03
9.870899375528097153e-04
1.000594114884734154e-03
1.006792299449443817e-03
1.019932911731302738e-03
1.020440366119146347e-03
9.830216877162456512e-04
1.003553275950253010e-03
1.006292295642197132e-03
9.863557061180472374e-04
9.942981414496898651e-04
1.024642027914524078e-03
9.978133020922541618e-04
9.980958420783281326e-04
9.964347118511795998e-04
9.820796549320220947e-04
9.968325030058622360e-04
1.006762380711734295e-03
1.006667502224445343e-03
1.002620090730488300e-03
9.981077164411544800e-04
1.004448626190423965e-03
9.879966964945197105e-04
1.019006711430847645e-03
1.008468680083751678e-03
9.769708849489688873e-04
1.013818080537021160e-03
1.013850793242454529e-03
9.689764119684696198e-04
9.672589367255568504e-04
1.005128840915858746e-03
1.015003304928541183e-03
1.035730354487895966e-03
9.892352391034364700e-04
1.005634316243231297e-03
1.020813244394958019e-03
1.021296018734574318e-03
9.941880125552415848e-04
1.008792314678430557e-03
1.024944940581917763e-03
1.027861260809004307e-03
9.992717532441020012e-04
1.010590931400656700e-03
9.804250439628958702e-04
1.003424753434956074e-03
1.001581200398504734e-03
9.965914068743586540e-04
9.971541585400700569e-04
9.977546287700533867e-04
9.758056257851421833e-04
9.970695246011018753e-04
9.768283925950527191e-04
9.828854817897081375e-04
9.921870660036802292e-04
9.729681187309324741e-04
1.012896886095404625e-03
1.029933104291558266e-03
9.947030339390039444e-04
1.002515666186809540e-03
1.030080253258347511e-03
1.029541715979576111e-03
9.899251163005828857e-04
9.934884728863835335e-04
1.012875000014901161e-03
1.015713671222329140e-03
9.766608709469437599e-04
1.010059961117804050e-03
9.984695352613925934e-04
9.904655162245035172e-04
1.014970359392464161e-03
9.795406367629766464e-04
9.777940576896071434e-04
9.997793240472674370e-04
1.014125416986644268e-03
1.001652097329497337e-03
1.014645211398601532e-03
1.005139667540788651e-03
1.015979447402060032e-03
1.007788465358316898e-03
1.044816221110522747e-03
1.001315540634095669e-03
9.901518933475017548e-04
9.892524685710668564e-04
1.008865656331181526e-03
1.005939673632383347e-03
1.022913027554750443e-03
9.949770756065845490e-04
9.814798831939697266e-04
9.944530902430415154e-04
1.005047233775258064e-03
1.007946906611323357e-03
1.012968248687684536e-03
1.001041848212480545e-03
9.775582002475857735e-04
1.046180957928299904e-03
1.006425125524401665e-03
1.010125037282705307e-03
9.939548326656222343e-04
9.847845649346709251e-04
1.011095242574810982e-03
9.712941246107220650e-04
1.012403401546180248e-03
1.008057733997702599e-03
1.024134573526680470e-03
1.005661673843860626e-03
1.010589301586151123e-03
9.825028246268630028e-04
9.737465879879891872e-04
9.933932451531291008e-04
1.028585829772055149e-03
9.814011864364147186e-04
9.940246818587183952e-04
9.888651547953486443e-04
1.011339714750647545e-03
9.847955079749226570e-04
1.007144339382648468e-03
1.024059369228780270e-03
9.873775998130440712e-04
9.879178833216428757e-04
1.018719864077866077e-03
9.805285371840000153e-04
1.008022110909223557e-03
1.009645522572100163e-03
1.001332071609795094e-03
9.928692597895860672e-04
1.002065720967948437e-03
1.007218728773295879e-03
9.835298405960202217e-04
1.000223564915359020e-03
1.002244069240987301e-03
1.034899498336017132e-03
9.814851218834519386e-04
1.010986627079546452e-03
1.006807666271924973e-03
1.005376572720706463e-03
1.004882156848907471e-03
1.024771016091108322e-03
1.015890040434896946e-03
9.873996023088693619e-04
1.039102440699934959e-03
1.007605809718370438e-03
1.001390861347317696e-03
9.968878002837300301e-04
1.006058650091290474e-03
9.871133370324969292e-04
1.006588689051568508e-03
9.893000824376940727e-04
1.003243494778871536e-03
9.847576729953289032e-04
9.902691235765814781e-04
9.966314537450671196e-04
9.981555631384253502e-04
9.998172754421830177e-04
9.636427275836467743e-04
1.011358923278748989e-03
1.004087273031473160e-03
9.828241309151053429e-04
1.010955194942653179e-03
1.018090406432747841e-03
9.999520843848586082e-04
9.996652370318770409e-04
9.847793262451887131e-04
1.005492056719958782e-03
1.015845453366637230e-03
1.007625600323081017e-03
1.005341298878192902e-03
1.012033550068736076e-03
9.839116828516125679e-04
1.012865803204476833e-03
9.615363087505102158e-04
1.027729595080018044e-03
9.979674359783530235e-04
9.964203927665948868e-04
9.969793027266860008e-04
1.003766083158552647e-03
9.674942702986299992e-04
9.866987820714712143e-04
9.919247822836041451e-04
9.920125594362616539e-04
9.942356264218688011e-04
9.873163653537631035e-04
9.731543250381946564e-04
1.025591511279344559e-03
1.024477300234138966e-03
9.725442505441606045e-04
9.980114409700036049e-04
9.841065621003508568e-04
1.018483773805201054e-03
9.916083654388785362e-04
9.971351828426122665e-04
1.006582286208868027e-03
1.011941349133849144e-03
9.887833148241043091e-04
9.913635440170764923e-04
1.006297417916357517e-03
9.937407448887825012e-04
9.873687522485852242e-04
1.038994640111923218e-03
1.018636743538081646e-03
1.022744458168745041e-03
9.933616966009140015e-04
9.875769028440117836e-04
9.805005975067615509e-04
1.008061459288001060e-03
9.975081775337457657e-04
1.012767897918820381e-03
1.005614409223198891e-03
1.029629842378199100e-03
9.982376359403133392e-04
9.955990826711058617e-04
9.802826680243015289e-04
1.008046674542129040e-03
9.979673195630311966e-04
9.926877683028578758e-04
1.007104874588549137e-03
9.978247107937932014e-04
1.018518814817070961e-03
1.004484016448259354e-03
9.750072495080530643e-04
9.857737459242343903e-04
9.804938454180955887e-04
1.007497194223105907e-03
9.973355336114764214e-04
1.004486461170017719e-03
1.006110454909503460e-03
1.003051991574466228e-03
9.891313966363668442e-04
1.024368451908230782e-03
1.007502200081944466e-03
9.912508539855480194e-04
1.003960845991969109e-03
9.862884180620312691e-04
1.003803801722824574e-03
1.007089973427355289e-03
9.834996890276670456e-04
9.927437640726566315e-04
9.904566686600446701e-04
1.017349306493997574e-03
9.772952180355787277e-04
1.021253410726785660e-03
9.897258132696151733e-04
9.940247982740402222e-04
9.808238828554749489e-04
9.972468251362442970e-04
1.011125044897198677e-03
1.024645520374178886e-03
9.983208728954195976e-04
1.002468285150825977e-03
9.878096170723438263e-04
9.812897769734263420e-04
9.846419561654329300e-04
9.984225034713745117e-04
9.970612591132521629e-04
9.975833818316459656e-04
1.013777800835669041e-03
9.967274963855743408e-04
1.012764056213200092e-03
9.856000542640686035e-04
9.881224250420928001e-04
1.012191059999167919e-03
1.001205760985612869e-03
9.929218795150518417e-04
9.962974581867456436e-04
1.003285520710051060e-03
1.008672057650983334e-03
9.899452561512589455e-04
1.002800185233354568e-03
9.884956525638699532e-04
9.609811240807175636e-04
1.014793175272643566e-03
9.964443743228912354e-04
9.789620526134967804e-04
9.780529653653502464e-04
9.884582832455635071e-04
1.001606811769306660e-03
1.016350928694009781e-03
9.951260872185230255e-04
9.841558057814836502e-04
9.698718204163014889e-04
1.042892807163298130e-03
1.000395859591662884e-03
1.007494749501347542e-03
1.013019820675253868e-03
9.833660442382097244e-04
1.013426110148429871e-03
1.008176826871931553e-03
1.008766121231019497e-03
1.004411256872117519e-03
1.002567471005022526e-03
1.007232815027236938e-03
9.856742108240723610e-04
1.008287887088954449e-03
1.007061218842864037e-03
1.000594580546021461e-03
1.033483189530670643e-03
1.013470231555402279e-03
9.945823112502694130e-04
9.870661888271570206e-04
1.017960486933588982e-03
1.014301669783890247e-03
1.004919758997857571e-03
1.027300721034407616e-03
1.033756881952285767e-03
1.000849995762109756e-03
1.006838050670921803e-03
1.042697113007307053e-03
1.031728577800095081e-03
1.016237656585872173e-03
9.854476666077971458e-04
9.917968418449163437e-04
9.875315008684992790e-04
1.024476834572851658e-03
9.918300202116370201e-04
1.015994348563253880e-03
9.814153891056776047e-04
9.928067447617650032e-04
1.004424178972840309e-03
9.932733373716473579e-04
9.841516148298978806e-04
1.031841500662267208e-03
1.010914682410657406e-03
1.010047388263046741e-03
9.938139701262116432e-04
1.008768100291490555e-03
9.951146785169839859e-04
9.999769972637295723e-04
9.843031875789165497e-04
9.895112598314881325e-04
1.027989666908979416e-03
1.003658166155219078e-03
9.940403979271650314e-04
9.963257471099495888e-04
9.904943872243165970e-04
1.005663536489009857e-03
1.022716169245541096e-03
9.883607272058725357e-04
9.739557863213121891e-04
1.039232127368450165e-03
1.001801341772079468e-03
9.882127633318305016e-04
1.004625926725566387e-03
9.844151791185140610e-04
1.015960006043314934e-03
9.912626119330525398e-04
9.940494783222675323e-04
9.930720552802085876e-04
9.924385230988264084e-04
9.848864283412694931e-04
9.890700457617640495e-04
9.864653693512082100e-04
1.022143755108118057e-03
9.944266639649868011e-04
9.846014436334371567e-04
1.005629193969070911e-03
9.735106723383069038e-04
1.000673393718898296e-03
9.896026458591222763e-04
1.007519313134253025e-03
1.047323457896709442e-03
1.018420443870127201e-03
9.883868042379617691e-04
9.928103536367416382e-04
9.911936940625309944e-04
9.744672570377588272e-04
1.007503364235162735e-03
9.894102113321423531e-04
1.015797723084688187e-03
1.040611299686133862e-03
1.001879689283668995e-03
1.013851608149707317e-03
9.803901193663477898e-04
9.802805725485086441e-04
1.012962311506271362e-03
9.828602196648716927e-04
1.001371652819216251e-03
1.017610891722142696e-03
1.009084633551537991e-03
9.766285074874758720e-04
1.014024834148585796e-03
9.896759875118732452e-04
1.009598374366760254e-03
1.023227698169648647e-03
9.856378892436623573e-04
9.978509042412042618e-04
9.728195145726203918e-04
9.920030133798718452e-04
9.976208675652742386e-04
1.028250670060515404e-03
1.005479833111166954e-03
9.756375802680850029e-04
9.622064535506069660e-04
9.956036228686571121e-04
9.954156121239066124e-04
1.010794192552566528e-03
1.018736977130174637e-03
9.609162807464599609e-04
1.010148553177714348e-03
9.973190026357769966e-04
9.722449467517435551e-04
9.987022494897246361e-04
9.772712364792823792e-04
1.000154879875481129e-03
1.008347957395017147e-03
1.007035956718027592e-03
1.004211953841149807e-03
9.864114690572023392e-04
9.898832067847251892e-04
9.764687856659293175e-04
1.020291820168495178e-03
9.857811965048313141e-04
9.586825035512447357e-04
1.007917686365544796e-03
1.001383410766720772e-03
1.002326025627553463e-03
9.840310085564851761e-04
1.012976630590856075e-03
9.882770245894789696e-04
1.000706222839653492e-03
9.929005755111575127e-04
1.014790497720241547e-03
9.916003327816724777e-04
1.003261073492467403e-03
1.004618592560291290e-03
1.005332800559699535e-03
1.002393662929534912e-03
1.005465164780616760e-03
1.009145053103566170e-03
1.008194405585527420e-03
9.946284117177128792e-04
9.973120177164673805e-04
1.006415579468011856e-03
9.937178110703825951e-04
1.003783894702792168e-03
1.004269463010132313e-03
1.001684111542999744e-03
9.972973493859171867e-04
9.915370028465986252e-04
1.005074242129921913e-03
9.625087259337306023e-04
9.944684570655226707e-04
9.847364854067564011e-04
9.870679350569844246e-04
1.006851438432931900e-03
1.002120552584528923e-03
1.033926964737474918e-03
1.022868324071168900e-03
1.008510123938322067e-03
9.948157239705324173e-04
9.988206438720226288e-04
9.821943240240216255e-04
1.006283797323703766e-03
1.021748874336481094e-03
1.021241187117993832e-03
1.031723804771900177e-03
1.014692476019263268e-03
1.007679849863052368e-03
9.804643923416733742e-04
9.894898394122719765e-04
9.814879158511757851e-04
9.769859025254845619e-04
1.007769256830215454e-03
1.012854976579546928e-03
9.925814811140298843e-04
9.935044217854738235e-04
1.016318215988576412e-03
1.026261365041136742e-03
1.029789913445711136e-03
9.992404375225305557e-04
1.020040363073348999e-03
1.038900809362530708e-03
9.816467063501477242e-04
9.912940440699458122e-04
1.005157479085028172e-03
9.969080565497279167e-04
1.001321827061474323e-03
1.011721440590918064e-03
9.840124985203146935e-04
1.010204199701547623e-03
1.002201694063842297e-03
9.873391827568411827e-04
9.867271874099969864e-04
1.006811275146901608e-03
1.008578226901590824e-03
1.024981960654258728e-03
9.859815472736954689e-04
1.006425358355045319e-03
1.006755512207746506e-03
1.003379700705409050e-03
1.002695644274353981e-03
1.019365037791430950e-03
9.849956259131431580e-04
1.044545439071953297e-03
9.927856735885143280e-04
1.000165008008480072e-03
1.003316487185657024e-03
1.001750933937728405e-03
9.983648778870701790e-04
1.004851772449910641e-03
9.633853333070874214e-04
9.909247746691107750e-04
1.012801425531506538e-03
1.009119790978729725e-03
9.860026184469461441e-04
9.975099237635731697e-04
9.895217372104525566e-04
1.008792314678430557e-03
9.915274567902088165e-04
9.960496099665760994e-04
9.905657498165965080e-04
1.002473407424986362e-03
1.008603838272392750e-03
1.010115491226315498e-03
1.009046565741300583e-03
9.882582817226648331e-04
1.007248181849718094e-03
1.015893183648586273e-03
1.000460353679955006e-03
9.878524579107761383e-04
9.982042247429490089e-04
9.976116707548499107e-04
1.011101994663476944e-03
1.024508033879101276e-03
9.981326293200254440e-04
9.709724108688533306e-04
9.865394094958901405e-04
1.000742428004741669e-03
1.032224274240434170e-03
9.846185566857457161e-04
1.024534692987799644e-03
1.002967357635498047e-03
1.027194550260901451e-03
9.879701538011431694e-04
9.795534424483776093e-04
1.018185052089393139e-03
1.017432659864425659e-03
9.811095660552382469e-04
9.870522189885377884e-04
9.937651921063661575e-04
9.913550456985831261e-04
9.903007885441184044e-04
1.004622434265911579e-03
9.855121606960892677e-04
1.005973317660391331e-03
1.007737126201391220e-03
1.018045004457235336e-03
9.991513798013329506e-04
9.839308913797140121e-04
1.003076322376728058e-03
9.890748187899589539e-04
1.019101822748780251e-03
9.981652256101369858e-04
9.944539051502943039e-04
1.017929753288626671e-03
9.980774484574794769e-04
9.785353904590010643e-04
1.002470147795975208e-03
9.640841744840145111e-04
1.003615208901464939e-03
1.006777281872928143e-03
1.018957351334393024e-03
1.024090801365673542e-03
9.823578875511884689e-04
1.005747588351368904e-03
9.938342263922095299e-04
1.013173488900065422e-03
1.022450858727097511e-03
1.021182979457080364e-03
9.965209756046533585e-04
9.923602920025587082e-04
1.017984002828598022e-03
9.766023140400648117e-04
9.834310039877891541e-04
1.010347623378038406e-03
1.013788976706564426e-03
1.024832599796354771e-03
9.584230137988924980e-04
1.002587843686342239e-03
1.038142945617437363e-03
9.841091232374310493e-04
1.027399674057960510e-03
9.651933796703815460e-04
1.015512389130890369e-03
1.013867789879441261e-03
9.902204619720578194e-04
1.010075910016894341e-03
1.006453880108892918e-03
9.889190550893545151e-04
1.007370767183601856e-03
1.018499606288969517e-03
9.878958808258175850e-04
9.970786049962043762e-04
1.002881675958633423e-03
9.938617004081606865e-04
1.000960706733167171e-03
9.847427718341350555e-04
1.003431272692978382e-03
1.001212396658957005e-03
9.947622893378138542e-04
1.008979277685284615e-03
9.956387802958488464e-04
9.856012184172868729e-04
9.854505769908428192e-04
9.896674891933798790e-04
9.992159903049468994e-04
9.808827890083193779e-04
1.019369345158338547e-03
1.023484393954277039e-03
1.023619202896952629e-03
1.006261212751269341e-03
1.014380017295479774e-03
1.019965275190770626e-03
1.023631775751709938e-03
9.855451062321662903e-04
9.937823051586747169e-04
9.907396743074059486e-04
1.014182344079017639e-03
1.001948607154190540e-03
1.008814782835543156e-03
1.017191563732922077e-03
9.843870066106319427e-04
1.014346140436828136e-03
9.862709557637572289e-04
1.007490209303796291e-03
9.893582900986075401e-04
9.883564198389649391e-04
9.998248424381017685e-04
9.802143322303891182e-04
9.901425801217556000e-04
1.043342868797481060e-03
1.023128628730773926e-03
9.838717523962259293e-04
9.908844949677586555e-04
9.927024366334080696e-04
1.003767945803701878e-03
1.025969395413994789e-03
1.020189956761896610e-03
1.004817080684006214e-03
9.741372778080403805e-04
1.018585404381155968e-03
1.000119955278933048e-03
1.016003428958356380e-03
1.013538334518671036e-03
9.826596360653638840e-04
9.844951564446091652e-04
9.838250698521733284e-04
9.919427102431654930e-04
1.003701705485582352e-03
1.002105535008013248e-03
9.831250645220279694e-04
9.983559139072895050e-04
9.777216473594307899e-04
1.002279343083500862e-03
1.012071617878973484e-03
1.007947372272610664e-03
9.830589406192302704e-04
9.985552169382572174e-04
9.956698631867766380e-04
9.926679776981472969e-04
1.009601051919162273e-03
9.917772840708494186e-04
9.988197125494480133e-04
1.021401258185505867e-03
1.008598599582910538e-03
9.880765574052929878e-04
1.006512786261737347e-03
1.008526887744665146e-03
9.896068368107080460e-04
9.867151966318488121e-04
9.900077711790800095e-04
9.874573443084955215e-04
9.920899756252765656e-04
1.012456836178898811e-03
9.982184274122118950e-04
9.805362205952405930e-04
1.013171044178307056e-03
9.806319139897823334e-04
9.858284611254930496e-04
1.003489946015179157e-03
9.989510290324687958e-04
1.011392567306756973e-03
1.000395976006984711e-03
1.001271884888410568e-03
9.856875985860824585e-04
9.886183543130755424e-04
9.917580755427479744e-04
1.023696269840002060e-03
9.990356629714369774e-04
1.021163305267691612e-03
9.693908505141735077e-04
9.770462056621909142e-04
9.984148200601339340e-04
9.966313373297452927e-04
9.837026009336113930e-04
9.989604586735367775e-04
9.896699339151382446e-04
1.025636214762926102e-03
9.899049764499068260e-04
1.024082768708467484e-03
9.923158213496208191e-04
9.852788643911480904e-04
1.006926526315510273e-03
1.015707035548985004e-03
9.725678246468305588e-04
9.856405667960643768e-04
9.852102957665920258e-04
9.998434688895940781e-04
9.636788745410740376e-04
9.907026542350649834e-04
9.964379714801907539e-04
9.799039689823985100e-04
9.925131453201174736e-04
1.010936219245195389e-03
9.838583646342158318e-04
9.921238524839282036e-04
9.880040306597948074e-04
9.819525294005870819e-04
1.025869860313832760e-03
9.995118016377091408e-04
1.000584335997700691e-03
9.883865714073181152e-04
9.734295308589935303e-04
1.021916395984590054e-03
9.973787236958742142e-04
9.899982251226902008e-04
9.602552745491266251e-04
9.945363271981477737e-04
9.765016147866845131e-04
9.901676094159483910e-04
9.686916018836200237e-04
1.013122615404427052e-03
1.015659654513001442e-03
1.003405894152820110e-03
9.789993055164813995e-04
9.769131429493427277e-04
1.018672366626560688e-03
1.004751189611852169e-03
1.002775738015770912e-03
9.902013698592782021e-04
9.857544209808111191e-04
1.016520429402589798e-03
1.017326605506241322e-03
9.706789278425276279e-04
1.014309353195130825e-03
9.884644532576203346e-04
9.910411899909377098e-04
9.930361993610858917e-04
1.009399071335792542e-03
1.020393101498484612e-03
9.984849020838737488e-04
9.777987143024802208e-04
9.994892170652747154e-04
9.673337335698306561e-04
9.678089409135282040e-04
1.000462099909782410e-03
9.919010335579514503e-04
9.898676071316003799e-04
1.008363906294107437e-03
9.902752935886383057e-04
9.990505641326308250e-04
1.008875318802893162e-03
9.989817626774311066e-04
1.009321538731455803e-03
9.959480958059430122e-04
1.003248151391744614e-03
9.856902761384844780e-04
1.031029038131237030e-03
1.042162650264799595e-03
9.928542422130703926e-04
1.000229036435484886e-03
1.004510791972279549e-03
1.003899960778653622e-03
1.003830926492810249e-03
1.019810442812740803e-03
9.694940526969730854e-04
9.987739613279700279e-04
9.938019793480634689e-04
9.966599754989147186e-04
9.872724767774343491e-04
9.834178490564227104e-04
9.898999705910682678e-04
1.029701554216444492e-03
1.007509534247219563e-03
1.011577667668461800e-03
9.934904519468545914e-04
1.021830132231116295e-03
1.007200917229056358e-03
1.031126128509640694e-03
1.027178252115845680e-03
9.787220042198896408e-04
9.768835734575986862e-04
1.029147650115191936e-03
1.005951664410531521e-03
9.989594109356403351e-04
1.027289545163512230e-03
9.874699171632528305e-04
9.771834593266248703e-04
9.916480630636215210e-04
9.922095341607928276e-04
9.675631881691515446e-04
9.909572545439004898e-04
9.993069106712937355e-04
1.009136671200394630e-03
1.012644264847040176e-03
1.028448226861655712e-03
9.910474764183163643e-04
9.882355807349085808e-04
9.807226015254855156e-04
9.768250165507197380e-04
9.888618951663374901e-04
9.721706155687570572e-04
1.003527780994772911e-03
9.855945827439427376e-04
1.000522519461810589e-03
1.011373940855264664e-03
9.993443964049220085e-04
9.917176794260740280e-04
9.891430381685495377e-04
9.866236941888928413e-04
9.937604190781712532e-04
1.027192338369786739e-03
1.018902403302490711e-03
9.820931591093540192e-04
1.003497396595776081e-03
1.000390620902180672e-03
1.011682325042784214e-03
1.029428327456116676e-03
9.755149367265403271e-04
1.011470914818346500e-03
9.944195626303553581e-04
1.009119790978729725e-03
1.009208615869283676e-03
1.004958176054060459e-03
1.002717879600822926e-03
1.038914197124540806e-03
9.568835375830531120e-04
1.002433011308312416e-03
9.920314187183976173e-04
1.003901241347193718e-03
1.015087589621543884e-03
1.012080465443432331e-03
9.953832486644387245e-04
9.730838937684893608e-04
9.892712114378809929e-04
1.005243393592536449e-03
9.885414037853479385e-04
1.001027645543217659e-03
1.016322639770805836e-03
9.650149149820208549e-04
9.886341867968440056e-04
9.769086027517914772e-04
9.521102183498442173e-04
1.011256244964897633e-03
1.010770793072879314e-03
9.932330576702952385e-04
1.021778560243546963e-03
9.997953893616795540e-04
1.019236980937421322e-03
9.984193602576851845e-04
9.575537405908107758e-04
9.958473965525627136e-04
9.825645247474312782e-04
9.927697246894240379e-04
1.011794432997703552e-03
9.905850747600197792e-04
1.012579887174069881e-03
9.943611221387982368e-04
9.990236721932888031e-04
1.011003507301211357e-03
9.773207129910588264e-04
1.004265272058546543e-03
1.010483363643288612e-03
1.013245084322988987e-03
9.857550030574202538e-04
9.990049293264746666e-04
9.771358454599976540e-04
1.004746649414300919e-03
1.016526366584002972e-03
1.024038880132138729e-03
1.000661985017359257e-03
1.002423814497888088e-03
